Date,Team,Opponent,Home / Away,Result,Home Score,Visitor Score,Overtime,Home Goals,Home Assists,Home Points,Home Shots,Home Shots on Goal,Home Ground Balls,Home Turnovers,Home Caused Turnovers,Home Faceoffs Won,Home Faceoffs Taken,Away Goals,Away Assists,Away Points,Away Shots,Away Shots on Goal,Away Groundball's,Away  Turnovers,Away  Caused Turnovers,Away  Faceoffs Won,Away  Faceoffs Taken,Home Goals Allowed,Home Saves,Away Goals Allowed,Away Saves
2024-02-03,Air Force,Marquette,Home,W,6,12,NA,6,6,12,36,18,31,16,13,6,22,12,5,17,40,23,28,16,8,16,22,12,11,6,12
2024-02-10,Air Force,Denver,Away,L,9,11,NA,9,5,14,33,23,32,21,18,7,24,11,7,18,31,21,35,28,14,17,24,11,10,9,14
2024-02-17,Air Force,Ohio St.,Home,W,4,12,NA,4,4,8,26,13,17,16,8,8,20,12,4,16,36,19,29,17,10,12,20,12,7,4,9
2024-02-24,Air Force,Stony Brook,Home,W,12,11,1,12,6,18,38,24,33,15,6,16,26,11,9,20,43,26,20,12,4,10,26,11,15,12,12
2024-03-03,Air Force,Saint Joseph's,Away,W,11,15,NA,11,7,18,34,24,31,18,7,12,29,15,9,24,35,25,28,18,7,17,29,15,10,11,13
2024-03-16,Air Force,Queens (NC),Home,W,14,10,NA,14,11,25,42,24,34,15,8,17,27,10,6,16,27,16,24,16,8,10,27,10,6,14,10
2024-03-20,Air Force,Utah,Away,L,12,11,NA,12,7,19,32,22,26,19,6,11,26,11,10,21,45,24,40,19,5,15,26,11,13,12,10
2024-03-23,Air Force,Lindenwood,Away,W,15,3,NA,15,9,24,42,24,37,15,6,10,22,3,2,5,21,13,24,16,5,12,22,3,10,15,9
2024-03-31,Air Force,Cleveland St.,Home,L,12,9,NA,12,9,21,41,26,34,12,10,8,22,9,5,14,28,19,25,17,6,14,22,9,10,12,14
2024-04-06,Air Force,Bellarmine,Home,L,11,7,NA,11,5,16,48,25,32,10,9,13,21,7,5,12,24,14,27,18,6,8,21,7,7,11,14
2024-04-13,Air Force,Detroit Mercy,Away,W,14,3,NA,14,9,23,44,26,31,16,7,14,20,3,2,5,30,17,24,15,5,6,20,3,14,14,12
2024-04-17,Air Force,Mercer,Home,L,20,5,NA,20,12,32,55,32,42,17,14,14,29,5,2,7,16,8,29,32,6,15,29,5,3,20,12
2024-04-20,Air Force,Jacksonville,Home,W,9,10,1,9,4,13,44,19,28,15,6,13,22,10,7,17,43,29,27,10,9,9,22,10,19,9,10
2024-04-27,Air Force,Robert Morris,Away,L,14,11,NA,14,8,22,38,24,35,18,6,16,29,11,6,17,45,24,34,15,11,13,29,11,13,14,10
2024-05-03,Air Force,"Jacksonville USAF Academy, Colo.",Away,W,10,15,NA,10,5,15,37,22,28,14,7,11,29,15,11,26,43,26,32,14,7,18,29,15,11,10,12
2024-02-10,Army West Point,"Massachusetts Atlanta, GA",Away,L,13,12,NA,13,7,20,42,29,37,16,2,21,29,12,5,17,40,21,19,12,6,8,29,12,9,13,16
2024-02-17,Army West Point,Rutgers,Away,W,16,7,NA,16,9,25,42,30,36,15,7,17,27,7,2,9,28,15,23,17,5,10,27,7,8,16,14
2024-02-24,Army West Point,Mercer,Home,L,15,7,NA,15,7,22,43,31,37,15,5,12,25,7,3,10,38,19,26,22,2,13,25,7,12,15,16
2024-02-28,Army West Point,Syracuse,Away,L,14,13,1,14,6,20,47,25,31,15,6,16,31,13,5,18,51,24,30,13,5,15,31,13,11,14,11
2024-03-03,Army West Point,Lafayette,Away,L,16,11,NA,16,11,27,43,31,40,10,7,18,31,11,0,11,44,21,28,16,5,13,31,11,10,16,15
2024-03-09,Army West Point,Holy Cross,Home,L,18,8,NA,18,14,32,51,31,35,11,8,20,30,8,4,12,29,16,19,18,2,10,30,8,8,18,13
2024-03-16,Army West Point,Lehigh,Home,W,18,12,NA,18,11,29,54,37,32,14,6,23,33,12,7,19,33,25,26,17,5,10,33,12,13,18,19
2024-03-22,Army West Point,Boston U.,Away,L,9,14,NA,9,5,14,46,24,33,14,5,17,26,14,7,21,41,20,31,13,11,9,26,14,6,9,15
2024-03-30,Army West Point,North Carolina,Away,L,13,12,NA,13,5,18,47,25,40,14,13,13,29,12,5,17,42,31,39,18,7,16,29,12,19,13,12
2024-04-06,Army West Point,Colgate,Home,L,11,14,NA,11,8,19,47,29,40,24,18,22,28,14,9,23,31,20,27,30,13,6,28,14,6,11,18
2024-04-13,Army West Point,Navy,Home,L,13,8,NA,13,8,21,44,27,33,16,5,13,25,8,3,11,46,27,29,13,4,12,25,8,19,13,14
2024-04-19,Army West Point,Bucknell,Away,L,19,11,NA,19,11,30,44,25,43,22,11,20,33,11,9,20,32,18,33,20,13,13,33,11,7,19,6
2024-04-26,Army West Point,Loyola Maryland,Away,L,13,11,NA,13,4,17,43,28,36,18,5,18,28,11,6,17,37,25,33,14,10,10,28,11,14,13,15
2024-05-03,Army West Point,Boston U.,Home,L,10,11,1,10,8,18,46,25,27,12,9,9,23,11,6,17,42,27,28,18,6,14,23,11,16,10,15
2024-02-03,Bellarmine,Duke,Away,W,12,20,NA,12,9,21,40,21,20,16,5,11,35,20,11,31,62,38,38,16,8,24,35,20,18,12,9
2024-02-11,Bellarmine,St. Bonaventure,Away,W,13,9,NA,13,9,22,47,30,44,19,17,14,25,9,8,17,27,18,27,23,9,11,25,9,9,13,17
2024-02-13,Bellarmine,Ohio St.,Away,L,6,10,NA,6,4,10,26,14,30,22,8,8,18,10,3,13,33,18,33,21,15,10,18,10,8,6,8
2024-02-17,Bellarmine,Canisius,Home,L,7,8,NA,7,6,13,35,18,14,16,10,8,17,8,5,13,40,22,17,17,5,9,17,8,14,7,11
2024-02-27,Bellarmine,Hampton,Away,W,23,7,NA,23,15,38,54,32,48,23,11,19,31,7,3,10,38,21,27,21,13,12,31,7,14,23,9
2024-03-02,Bellarmine,Marist,Home,W,11,10,NA,11,5,16,43,24,23,20,10,11,24,10,6,16,56,29,28,18,14,13,24,10,19,11,13
2024-03-09,Bellarmine,Marquette,Home,L,11,5,NA,11,8,19,31,18,26,18,10,9,19,5,4,9,40,22,29,13,16,10,19,5,17,11,7
2024-03-16,Bellarmine,Utah,Home,L,13,14,NA,13,9,22,44,26,23,14,5,14,27,14,7,21,48,28,21,11,8,13,27,14,14,13,13
2024-03-20,Bellarmine,Mercer,Away,W,17,9,NA,17,5,22,54,31,26,22,7,14,29,9,8,17,43,22,28,22,10,15,29,9,13,17,14
2024-03-23,Bellarmine,Queens (NC),Away,W,12,5,NA,12,4,16,55,34,29,18,7,14,21,5,2,7,32,20,16,15,7,7,21,5,15,12,22
2024-03-30,Bellarmine,Lindenwood,Home,W,17,10,NA,17,14,31,60,34,28,21,10,19,30,10,6,16,31,20,24,15,5,11,30,10,10,17,17
2024-04-06,Bellarmine,Air Force,Away,L,7,11,NA,7,5,12,24,14,27,18,6,8,21,11,5,16,48,25,32,10,9,13,21,11,14,7,7
2024-04-10,Bellarmine,Robert Morris,Home,W,15,12,NA,15,8,23,49,31,28,21,10,15,30,12,8,20,44,27,36,23,7,15,30,12,15,15,16
2024-04-13,Bellarmine,Cleveland St.,Home,L,14,9,NA,14,5,19,34,25,30,12,7,13,27,9,8,17,41,21,18,14,1,14,27,9,12,14,11
2024-04-20,Bellarmine,Detroit Mercy,Home,L,10,18,NA,10,5,15,43,28,21,14,7,18,32,18,8,26,40,25,15,12,7,14,32,18,7,10,18
2024-04-27,Bellarmine,Jacksonville,Away,L,7,22,NA,7,1,8,30,24,25,14,6,11,32,22,16,38,44,35,43,17,9,21,32,22,13,7,17
2024-04-30,Bellarmine,"Cleveland St. USAF Academy, Colo.",Away,W,12,15,NA,12,12,24,37,24,28,12,5,14,30,15,8,23,38,22,26,15,6,16,30,15,7,12,12
2024-02-10,Binghamton,"Jacksonville Sparks Glencoe, MD",Away,W,8,9,NA,8,4,12,48,29,28,16,9,11,19,9,4,13,41,22,29,25,6,8,19,9,13,8,21
2024-02-17,Binghamton,St. Bonaventure,Home,W,13,12,1,13,6,19,50,26,27,18,6,18,27,12,7,19,32,22,23,19,10,9,27,12,10,13,13
2024-02-24,Binghamton,Lafayette,Away,W,12,19,NA,12,3,15,39,27,29,10,7,16,35,19,11,30,48,32,42,15,2,19,35,19,13,12,15
2024-03-02,Binghamton,Richmond,Away,W,10,19,NA,10,5,15,34,21,25,19,2,15,32,19,11,30,59,34,26,7,12,17,32,19,15,10,11
2024-03-05,Binghamton,Mount St. Mary's,Away,L,13,12,1,13,5,18,43,25,41,16,8,21,28,12,5,17,42,23,36,14,9,7,28,12,11,13,12
2024-03-09,Binghamton,St. John's (NY),Away,L,6,13,NA,6,4,10,41,21,25,18,7,10,23,13,3,16,46,25,33,17,10,13,23,13,12,6,15
2024-03-16,Binghamton,Merrimack,Home,W,9,10,1,9,4,13,45,23,22,19,7,11,22,10,4,14,44,26,29,16,7,11,22,10,16,9,14
2024-03-23,Binghamton,NJIT,Away,L,17,12,NA,17,8,25,35,25,29,13,7,10,33,12,8,20,42,27,30,19,2,23,33,12,15,17,8
2024-03-30,Binghamton,UMass Lowell,Home,L,15,6,NA,15,10,25,57,32,24,9,7,14,24,6,2,8,35,17,18,18,5,10,24,6,11,15,17
2024-04-06,Binghamton,Vermont,Away,L,11,10,1,11,3,14,53,27,35,20,6,18,25,10,6,16,34,28,36,13,9,7,25,10,18,11,16
2024-04-13,Binghamton,UMBC,Home,W,21,10,NA,21,13,34,49,32,40,19,9,20,35,10,6,16,40,25,34,17,13,15,35,10,15,21,11
2024-04-20,Binghamton,Bryant,Home,L,11,17,NA,11,4,15,51,28,30,13,9,12,31,17,10,27,48,29,33,16,5,19,31,17,12,11,17
2024-04-27,Binghamton,UAlbany,Away,W,10,18,NA,10,3,13,38,23,36,15,8,14,31,18,8,26,47,31,32,14,6,17,31,18,13,10,13
2024-02-06,Boston U.,"Saint Joseph's Westport, Conn.",Away,L,14,10,NA,14,7,21,36,21,35,22,10,15,28,10,5,15,45,28,34,15,14,13,28,10,18,14,7
2024-02-10,Boston U.,Vermont,Home,L,18,8,NA,18,13,31,57,36,40,16,21,13,28,8,5,13,23,18,32,27,5,15,28,8,10,18,18
2024-02-16,Boston U.,Bryant,Home,W,6,12,NA,6,3,9,41,19,24,15,14,4,22,12,9,21,48,31,46,17,11,18,22,12,19,6,13
2024-02-20,Boston U.,Brown,Away,L,16,10,NA,16,13,29,44,29,42,20,16,18,30,10,2,12,36,17,30,25,9,12,30,10,7,16,13
2024-03-02,Boston U.,Navy,Home,W,9,16,NA,9,5,14,40,23,34,17,10,9,29,16,11,27,49,30,42,15,11,20,29,16,14,9,14
2024-03-09,Boston U.,Bucknell,Home,W,13,10,NA,13,12,25,25,21,36,25,12,16,25,10,7,17,47,25,29,21,9,9,25,10,15,13,8
2024-03-16,Boston U.,Loyola Maryland,Away,L,12,10,NA,12,8,20,46,30,31,17,9,10,25,10,7,17,46,32,35,15,10,15,25,10,22,12,18
2024-03-22,Boston U.,Army West Point,Home,L,14,9,NA,14,7,21,41,20,31,13,11,9,26,9,5,14,46,24,33,14,5,17,26,9,15,14,6
2024-03-27,Boston U.,Duke,Away,W,10,11,NA,10,5,15,41,21,23,12,4,10,25,11,5,16,50,25,35,14,7,15,25,11,14,10,11
2024-03-30,Boston U.,Holy Cross,Away,W,22,6,NA,22,17,39,50,34,43,21,5,20,32,6,5,11,36,20,28,20,5,12,32,6,14,22,12
2024-04-09,Boston U.,Yale,Home,L,16,18,NA,16,8,24,64,31,34,16,10,17,38,18,11,29,35,24,41,20,6,21,38,18,6,16,15
2024-04-13,Boston U.,Lafayette,Home,L,10,11,NA,10,7,17,33,22,39,21,13,12,24,11,9,20,38,23,26,19,14,12,24,11,12,10,12
2024-04-20,Boston U.,Lehigh,Away,W,12,13,1,12,7,19,33,22,33,15,9,13,29,13,4,17,34,24,40,18,11,16,29,13,11,12,10
2024-04-26,Boston U.,Colgate,Away,L,13,12,NA,13,11,24,42,25,30,23,9,14,29,12,8,20,45,25,29,18,7,15,29,12,13,13,12
2024-04-30,Boston U.,Colgate,Home,W,18,17,3,18,11,29,57,30,54,25,10,25,39,17,14,31,49,33,45,20,11,14,39,17,16,18,12
2024-05-03,Boston U.,Army West Point,Away,L,11,10,1,11,6,17,42,27,28,18,6,14,23,10,8,18,46,25,27,12,9,9,23,10,15,11,16
2024-05-05,Boston U.,"Lehigh West Point, N.Y.",Away,W,10,11,NA,10,8,18,41,18,32,13,10,8,20,11,4,15,36,21,31,21,6,12,20,11,10,10,8
2024-02-17,Brown,Quinnipiac,Away,L,7,13,NA,7,4,11,46,22,20,13,10,12,24,13,6,19,39,22,27,16,11,12,24,13,9,7,15
2024-02-20,Brown,Boston U.,Home,L,10,16,NA,10,2,12,36,17,30,25,9,12,30,16,13,29,44,29,42,20,16,18,30,16,13,10,7
2024-02-24,Brown,Providence,Away,W,11,12,1,11,8,19,44,22,33,20,4,15,26,12,8,20,53,30,34,13,10,11,26,12,18,11,11
2024-03-02,Brown,Georgetown,Away,L,5,11,NA,5,3,8,30,19,22,15,3,10,20,11,9,20,39,22,31,16,9,10,20,11,11,5,14
2024-03-09,Brown,Maryland,Away,W,13,14,1,13,3,16,33,23,28,12,5,17,30,14,9,23,41,22,33,14,8,13,30,14,8,13,10
2024-03-16,Brown,Penn,Away,L,6,11,NA,6,4,10,43,22,34,16,9,12,22,11,6,17,29,19,22,21,6,10,22,11,8,6,16
2024-03-22,Brown,Massachusetts,Home,W,11,10,NA,11,8,19,39,24,31,14,12,12,23,10,6,16,38,26,31,16,5,11,23,10,16,11,13
2024-03-25,Brown,Villanova,Home,L,5,9,NA,5,2,7,33,16,30,18,10,8,18,9,6,15,34,21,23,18,8,10,18,9,12,5,11
2024-03-30,Brown,Yale,Home,L,10,16,NA,10,4,14,39,25,36,13,9,4,29,16,7,23,45,27,41,20,7,25,29,16,11,10,15
2024-04-06,Brown,Cornell,Away,L,8,14,NA,8,2,10,52,32,37,12,10,12,26,14,11,25,45,31,30,17,7,14,26,14,17,8,24
2024-04-13,Brown,Princeton,Home,W,13,12,NA,13,3,16,40,26,31,16,11,14,28,12,8,20,39,26,34,19,11,14,28,12,14,13,13
2024-04-20,Brown,Dartmouth,Home,W,14,11,NA,14,6,20,53,29,33,19,7,13,28,11,7,18,36,26,27,19,11,15,28,11,15,14,15
2024-04-23,Brown,Bryant,Home,W,7,10,NA,7,3,10,37,21,35,21,9,13,20,10,7,17,42,21,31,18,10,7,20,10,11,7,14
2024-04-27,Brown,Harvard,Away,W,10,11,NA,10,4,14,40,21,34,19,5,13,23,11,8,19,40,25,31,15,6,10,23,11,14,10,11
2024-02-10,Bryant,Providence,Away,L,15,13,NA,15,9,24,53,23,40,13,8,21,32,13,9,22,30,21,28,14,8,11,32,13,8,15,8
2024-02-16,Bryant,Boston U.,Away,W,12,6,NA,12,9,21,48,31,46,17,11,18,22,6,3,9,41,19,24,15,14,4,22,6,13,12,19
2024-02-20,Bryant,Harvard,Away,W,13,14,NA,13,4,17,40,22,37,20,1,21,30,14,10,24,40,28,29,10,12,9,30,14,14,13,9
2024-02-24,Bryant,Quinnipiac,Home,L,10,13,NA,10,3,13,43,28,35,17,7,19,27,13,9,22,36,21,39,13,5,8,27,13,8,10,19
2024-03-02,Bryant,Manhattan,Away,W,12,7,NA,12,8,20,38,28,37,20,7,17,23,7,4,11,31,14,30,17,12,6,23,7,7,12,16
2024-03-06,Bryant,Fairfield,Home,L,16,5,NA,16,8,24,42,25,40,15,5,13,25,5,3,8,36,23,33,12,12,12,25,5,18,16,9
2024-03-16,Bryant,UMBC,Away,W,12,13,1,12,9,21,47,26,33,16,5,17,28,13,7,20,36,19,22,18,5,11,28,13,6,12,14
2024-03-23,Bryant,UMass Lowell,Home,L,17,2,NA,17,5,22,49,30,46,12,13,10,23,2,1,3,23,12,28,25,3,13,23,2,10,17,13
2024-03-30,Bryant,NJIT,Home,L,12,8,NA,12,5,17,32,21,40,22,13,14,22,8,6,14,24,17,35,22,13,8,22,8,9,12,9
2024-04-06,Bryant,UAlbany,Away,L,13,12,NA,13,9,22,40,23,41,24,5,13,27,12,7,19,38,24,30,17,12,14,27,12,12,13,10
2024-04-13,Bryant,Vermont,Home,L,12,16,NA,12,5,17,43,35,31,12,7,14,31,16,7,23,54,31,39,15,6,17,31,16,15,12,23
2024-04-20,Bryant,Binghamton,Away,L,17,11,NA,17,10,27,48,29,33,16,5,19,31,11,4,15,51,28,30,13,9,12,31,11,17,17,12
2024-04-23,Bryant,Brown,Away,W,10,7,NA,10,7,17,42,21,31,18,10,7,20,7,3,10,37,21,35,21,9,13,20,7,14,10,11
2024-04-27,Bryant,Merrimack,Home,L,14,16,NA,14,6,20,57,34,36,9,14,19,33,16,10,26,41,26,28,18,4,14,33,16,10,14,20
2024-02-03,Bucknell,Merrimack,Away,W,10,14,NA,10,7,17,32,20,29,21,15,15,27,14,9,23,41,25,30,16,21,12,27,14,11,10,10
2024-02-10,Bucknell,Marist,Away,W,10,17,NA,10,1,11,47,28,39,15,10,14,30,17,9,26,43,26,38,16,11,16,30,17,9,10,18
2024-02-17,Bucknell,Dartmouth,Home,W,15,13,NA,15,9,24,44,23,38,17,10,16,32,13,7,20,32,21,32,18,8,16,32,13,8,15,8
2024-02-24,Bucknell,"Harvard Westport, Conn.",Away,W,12,13,NA,12,5,17,37,24,20,17,3,12,26,13,5,18,46,27,33,14,7,14,26,13,14,12,12
2024-03-02,Bucknell,Holy Cross,Home,L,12,9,NA,12,9,21,39,26,37,19,12,12,25,9,7,16,35,14,32,20,15,13,25,9,5,12,14
2024-03-09,Bucknell,Boston U.,Away,W,10,13,NA,10,7,17,47,25,29,21,9,9,25,13,12,25,25,21,36,25,12,16,25,13,8,10,15
2024-03-12,Bucknell,Richmond,Home,W,5,17,NA,5,1,6,35,17,35,23,15,13,26,17,11,28,31,24,32,23,9,13,26,17,7,5,12
2024-03-16,Bucknell,Colgate,Home,W,4,17,NA,4,3,7,28,18,24,32,10,13,25,17,10,27,51,30,51,29,19,12,25,17,13,4,14
2024-03-23,Bucknell,Lehigh,Away,W,8,9,NA,8,2,10,36,18,29,15,7,6,21,9,4,13,35,15,29,18,9,15,21,9,6,8,10
2024-03-30,Bucknell,Lafayette,Home,L,17,8,NA,17,11,28,47,30,36,14,12,13,29,8,2,10,31,19,31,23,6,16,29,8,11,17,13
2024-04-06,Bucknell,Loyola Maryland,Away,W,13,15,NA,13,4,17,38,21,34,13,8,19,31,15,7,22,38,24,29,11,9,12,31,15,9,13,8
2024-04-12,Bucknell,Le Moyne,Home,W,7,5,NA,7,5,12,30,16,33,17,9,5,15,5,2,7,36,23,27,17,7,10,15,5,18,7,9
2024-04-19,Bucknell,Army West Point,Home,L,11,19,NA,11,9,20,32,18,33,20,13,13,33,19,11,30,44,25,43,22,11,20,33,19,6,11,7
2024-04-26,Bucknell,Navy,Away,W,12,13,1,12,4,16,33,26,32,12,10,8,28,13,10,23,47,25,33,16,6,20,28,13,12,12,14
2024-02-13,Canisius,Michigan,Away,L,5,21,NA,5,3,8,23,11,15,16,2,9,30,21,17,38,49,32,40,14,12,21,30,21,11,5,6
2024-02-17,Canisius,Bellarmine,Away,L,8,7,NA,8,5,13,40,22,17,17,5,9,17,7,6,13,35,18,14,16,10,8,17,7,11,8,14
2024-02-20,Canisius,Hobart,Away,L,9,13,NA,9,6,15,28,16,25,12,7,4,24,13,8,21,53,26,35,18,8,20,24,13,13,9,7
2024-02-24,Canisius,Robert Morris,Away,L,9,8,1,9,2,11,36,16,26,20,10,11,20,8,4,12,40,23,25,17,10,9,20,8,15,9,7
2024-03-01,Canisius,Cleveland St.,Home,W,9,10,2,9,7,16,35,17,32,21,3,12,22,10,6,16,52,23,40,23,12,10,22,10,13,9,8
2024-03-09,Canisius,Quinnipiac,Home,W,7,14,NA,7,3,10,45,23,26,10,4,13,25,14,7,21,35,24,28,12,6,12,25,14,10,7,16
2024-03-12,Canisius,St. Bonaventure,Away,L,8,12,NA,8,5,13,34,18,30,15,8,8,24,12,5,17,41,23,32,15,7,16,24,12,11,8,10
2024-03-16,Canisius,Marist,Away,W,16,20,NA,16,10,26,50,28,35,10,4,17,37,20,16,36,52,33,35,6,4,20,37,20,13,16,12
2024-03-23,Canisius,Manhattan,Home,W,5,12,NA,5,1,6,36,22,45,18,5,16,20,12,4,16,32,19,20,13,8,4,20,12,7,5,17
2024-03-27,Canisius,Siena,Away,L,13,12,NA,13,6,19,42,21,41,15,7,14,29,12,7,19,48,27,30,17,8,15,29,12,15,13,8
2024-03-30,Canisius,VMI,Away,L,8,12,NA,8,5,13,41,21,24,22,5,15,24,12,4,16,42,24,24,16,8,9,24,12,12,8,13
2024-04-05,Canisius,LIU,Home,L,15,17,NA,15,8,23,40,21,48,21,7,23,36,17,9,26,37,31,36,13,5,13,36,17,14,15,6
2024-04-10,Canisius,Mount St. Mary's,Home,W,11,10,NA,11,4,15,36,26,41,21,8,12,24,10,5,15,47,22,31,22,3,12,24,10,12,11,15
2024-04-13,Canisius,Wagner,Away,L,9,7,NA,9,5,14,35,22,29,18,8,13,20,7,5,12,47,21,32,20,12,7,20,7,14,9,13
2024-04-20,Canisius,Sacred Heart,Home,L,12,13,NA,12,5,17,41,18,37,22,8,17,29,13,6,19,44,25,41,18,8,12,29,13,12,12,6
2024-02-03,Cleveland St.,VMI,Away,L,12,11,1,12,4,16,37,22,22,17,3,13,27,11,5,16,41,25,28,18,7,14,27,11,14,12,10
2024-02-10,Cleveland St.,Ohio St.,Away,L,6,13,NA,6,2,8,33,21,23,14,7,6,23,13,6,19,54,25,42,16,5,17,23,13,12,6,15
2024-02-14,Cleveland St.,Notre Dame,Away,L,3,25,NA,3,1,4,17,13,14,19,5,11,30,25,18,43,49,35,44,10,10,19,30,25,10,3,10
2024-02-24,Cleveland St.,High Point,Home,L,11,18,NA,11,4,15,27,19,27,22,9,10,33,18,10,28,38,29,42,23,12,23,33,18,11,11,8
2024-03-01,Cleveland St.,Canisius,Away,W,10,9,2,10,6,16,52,23,40,23,12,10,22,9,7,16,35,17,32,21,3,12,22,9,8,10,13
2024-03-09,Cleveland St.,St. Bonaventure,Home,L,10,8,NA,10,5,15,44,17,42,23,12,12,21,8,4,12,22,15,27,23,8,9,21,8,7,10,7
2024-03-16,Cleveland St.,Lindenwood,Away,W,10,7,NA,10,4,14,41,18,31,21,5,15,21,7,4,11,27,15,31,17,7,6,21,7,8,10,8
2024-03-23,Cleveland St.,Robert Morris,Home,L,13,6,NA,13,6,19,35,19,31,24,6,9,23,6,6,12,37,17,30,28,10,14,23,6,11,13,6
2024-03-27,Cleveland St.,Jacksonville,Away,L,6,18,NA,6,2,8,28,17,27,13,8,12,28,18,16,34,43,30,32,15,11,16,28,18,12,6,11
2024-03-31,Cleveland St.,Air Force,Away,L,9,12,NA,9,5,14,28,19,25,17,6,14,22,12,9,21,41,26,34,12,10,8,22,12,14,9,10
2024-04-06,Cleveland St.,Mercer,Home,L,16,9,NA,16,10,26,37,28,37,18,9,15,27,9,7,16,36,21,38,19,11,12,27,9,12,16,12
2024-04-10,Cleveland St.,Queens (NC),Home,L,12,7,NA,12,7,19,41,25,40,17,4,12,21,7,2,9,39,26,26,10,7,9,21,7,19,12,13
2024-04-13,Cleveland St.,Bellarmine,Away,L,9,14,NA,9,8,17,41,21,18,14,1,14,27,14,5,19,34,25,30,12,7,13,27,14,11,9,12
2024-04-20,Cleveland St.,Utah,Home,W,7,16,NA,7,3,10,28,21,34,25,7,13,27,16,14,30,59,34,46,17,16,14,27,16,18,7,14
2024-04-27,Cleveland St.,Detroit Mercy,Away,W,13,8,NA,13,9,22,39,23,20,8,9,7,24,8,2,10,32,21,30,20,4,17,24,8,13,13,10
2024-04-30,Cleveland St.,"Bellarmine USAF Academy, Colo.",Away,L,15,12,NA,15,8,23,38,22,26,15,6,16,30,12,12,24,37,24,28,12,5,14,30,12,12,15,7
2024-05-03,Cleveland St.,"Utah USAF Academy, Colo.",Away,L,5,21,NA,5,1,6,28,18,31,23,3,16,30,21,15,36,63,34,41,12,13,14,30,21,13,5,13
2024-02-03,Colgate,Penn St.,Away,L,13,12,NA,13,2,15,37,20,37,21,15,10,29,12,10,22,43,25,39,25,12,19,29,12,13,13,7
2024-02-05,Colgate,Syracuse,Away,W,10,18,NA,10,8,18,37,21,27,18,10,7,31,18,15,33,59,36,59,21,15,24,31,18,18,10,11
2024-02-11,Colgate,Hobart,Away,L,16,11,NA,16,9,25,52,29,31,17,6,10,30,11,8,19,44,25,26,20,5,20,30,11,14,16,13
2024-02-17,Colgate,UAlbany,Away,L,11,10,NA,11,6,17,35,24,37,20,16,9,24,10,8,18,34,23,40,27,12,15,24,10,13,11,13
2024-02-21,Colgate,"Yale Albany, N.Y.",Away,W,11,21,NA,11,4,15,38,25,42,27,12,13,36,21,11,32,47,37,50,27,15,23,36,21,16,11,14
2024-02-24,Colgate,Villanova,Away,L,9,15,NA,9,5,14,32,18,20,27,11,12,26,15,13,28,39,26,34,18,16,14,26,15,11,9,9
2024-03-02,Colgate,Loyola Maryland,Home,W,14,11,NA,14,7,21,38,24,30,19,1,17,29,11,6,17,47,31,22,11,8,12,29,11,20,14,10
2024-03-09,Colgate,Lafayette,Home,W,16,10,NA,16,14,30,46,25,26,19,11,17,30,10,7,17,28,19,21,24,6,13,30,10,9,16,9
2024-03-16,Colgate,Bucknell,Away,W,17,4,NA,17,10,27,51,30,51,29,19,12,25,4,3,7,28,18,24,32,10,13,25,4,14,17,13
2024-03-30,Colgate,Navy,Away,L,9,10,NA,9,5,14,48,24,37,23,11,9,22,10,8,18,39,23,32,20,8,13,22,10,13,9,15
2024-04-06,Colgate,Army West Point,Away,L,14,11,NA,14,9,23,31,20,27,30,13,6,28,11,8,19,47,29,40,24,18,22,28,11,18,14,6
2024-04-13,Colgate,Lehigh,Home,L,7,9,NA,7,5,12,34,17,26,17,11,4,18,9,7,16,25,13,25,23,4,14,18,9,4,7,10
2024-04-20,Colgate,Holy Cross,Away,W,18,8,NA,18,10,28,52,32,43,19,17,11,30,8,8,16,31,18,36,28,5,19,30,8,10,18,14
2024-04-26,Colgate,Boston U.,Home,L,12,13,NA,12,8,20,45,25,29,18,7,15,29,13,11,24,42,25,30,23,9,14,29,13,12,12,13
2024-04-30,Colgate,Boston U.,Away,W,17,18,3,17,14,31,49,33,45,20,11,14,39,18,11,29,57,30,54,25,10,25,39,18,12,17,16
2024-02-17,Cornell,Lehigh,Home,W,17,13,NA,17,10,27,45,28,46,18,7,23,34,13,2,15,44,27,33,14,7,11,34,13,14,17,11
2024-02-24,Cornell,Denver,Away,W,16,17,NA,16,9,25,43,28,26,13,1,15,37,17,13,30,48,28,42,7,6,22,37,17,11,16,12
2024-02-27,Cornell,Hobart,Home,L,23,7,NA,23,12,35,49,33,37,13,9,15,33,7,2,9,44,22,26,16,3,18,33,7,15,23,10
2024-03-02,Cornell,Ohio St.,Home,W,15,11,NA,15,7,22,39,26,32,13,8,12,30,11,6,17,41,24,30,21,8,18,30,11,13,15,11
2024-03-09,Cornell,Penn St.,Away,L,9,20,NA,9,7,16,40,24,33,17,10,19,33,20,12,32,48,31,30,14,9,14,33,20,11,9,15
2024-03-17,Cornell,Princeton,Away,L,15,14,NA,15,10,25,46,26,40,15,9,14,32,14,5,19,48,26,38,15,14,18,32,14,12,15,11
2024-03-23,Cornell,Yale,Home,W,18,15,NA,18,11,29,39,32,33,13,10,14,35,15,6,21,48,28,44,14,8,21,35,15,13,18,14
2024-03-30,Cornell,Penn,Away,W,10,11,2,10,5,15,36,27,25,18,7,14,26,11,6,17,33,22,22,16,10,12,26,11,11,10,17
2024-04-02,Cornell,Syracuse,Home,W,18,17,2,18,12,30,55,33,33,13,14,13,36,17,14,31,42,32,36,20,9,23,36,17,15,18,15
2024-04-06,Cornell,Brown,Home,L,14,8,NA,14,11,25,45,31,30,17,7,14,26,8,2,10,52,32,37,12,10,12,26,8,24,14,17
2024-04-14,Cornell,"Notre Dame Brookvill, NY",Away,W,17,18,NA,17,12,29,45,30,40,12,6,18,38,18,8,26,50,32,39,11,6,20,38,18,14,17,13
2024-04-20,Cornell,Harvard,Home,L,15,8,NA,15,11,26,41,28,34,21,11,13,26,8,4,12,35,24,31,23,11,13,26,8,16,15,13
2024-04-27,Cornell,Dartmouth,Away,L,15,10,NA,15,11,26,52,35,30,11,7,11,28,10,7,17,50,28,49,18,5,17,28,10,18,15,20
2024-05-03,Cornell,Penn,Home,W,9,13,NA,9,5,14,45,28,33,8,10,12,26,13,5,18,35,24,28,14,1,14,26,13,11,9,19
2024-02-17,Dartmouth,Bucknell,Away,W,13,15,NA,13,7,20,32,21,32,18,8,16,32,15,9,24,44,23,38,17,10,16,32,15,8,13,8
2024-02-24,Dartmouth,Holy Cross,Home,L,14,8,NA,14,11,25,38,24,37,17,10,13,25,8,4,12,34,23,38,19,10,12,25,8,15,14,10
2024-02-26,Dartmouth,"Lehigh Hartford, Conn.",Away,L,6,11,NA,6,0,6,32,21,38,18,10,11,20,11,5,16,32,21,40,23,14,9,20,11,10,6,15
2024-03-02,Dartmouth,Siena,Away,L,12,11,NA,12,9,21,43,27,42,17,9,18,27,11,7,18,33,20,29,25,10,9,27,11,9,12,15
2024-03-05,Dartmouth,"Stony Brook Avon, Conn.",Away,W,12,15,NA,12,7,19,45,26,39,21,8,16,31,15,7,22,43,25,37,14,10,15,31,15,10,12,14
2024-03-14,Dartmouth,Vermont,Away,L,11,10,NA,11,9,20,30,21,28,20,8,14,25,10,4,14,40,21,34,18,11,11,25,10,11,11,10
2024-03-19,Dartmouth,Georgetown,Away,L,9,21,NA,9,8,17,27,20,25,18,6,13,34,21,12,33,44,33,43,16,11,21,34,21,12,9,11
2024-03-23,Dartmouth,Penn,Home,W,8,11,NA,8,6,14,31,18,37,24,14,11,22,11,7,18,32,20,49,25,12,11,22,11,9,8,10
2024-03-30,Dartmouth,Princeton,Away,L,5,15,NA,5,0,5,30,20,21,14,6,11,24,15,9,24,55,36,31,9,9,13,24,15,21,5,15
2024-04-06,Dartmouth,Harvard,Away,L,7,13,NA,7,2,9,33,18,38,24,6,15,24,13,9,22,47,25,43,14,14,9,24,13,12,7,11
2024-04-13,Dartmouth,Yale,Home,L,13,20,NA,13,8,21,36,27,44,20,8,17,36,20,12,32,65,39,43,12,11,19,36,20,19,13,14
2024-04-20,Dartmouth,Brown,Away,W,11,14,NA,11,7,18,36,26,27,19,11,15,28,14,6,20,53,29,33,19,7,13,28,14,15,11,15
2024-04-27,Dartmouth,Cornell,Home,L,10,15,NA,10,7,17,50,28,49,18,5,17,28,15,11,26,52,35,30,11,7,11,28,15,20,10,18
2024-02-10,Delaware,Lafayette,Home,L,14,6,NA,14,10,24,65,32,44,13,11,18,24,6,5,11,36,20,21,21,6,6,24,6,14,14,18
2024-02-17,Delaware,St. John's (NY),Away,W,17,6,NA,17,8,25,60,28,30,14,1,12,25,6,3,9,30,17,23,14,3,13,25,6,11,17,11
2024-02-24,Delaware,Penn,Away,W,10,11,NA,10,3,13,39,26,29,6,6,6,24,11,8,19,45,26,36,17,3,18,24,11,15,10,16
2024-03-02,Delaware,Michigan,Home,W,8,13,NA,8,5,13,36,20,25,20,9,9,25,13,6,19,31,22,32,22,14,16,25,13,9,8,12
2024-03-09,Delaware,Monmouth,Away,W,16,7,NA,16,8,24,45,23,47,17,10,21,27,7,2,9,27,16,26,11,6,6,27,7,9,16,7
2024-03-16,Delaware,"Syracuse Chantilly, Va.",Away,L,6,14,NA,6,3,9,37,23,20,10,2,9,23,14,11,25,50,34,26,9,5,14,23,14,20,6,17
2024-03-23,Delaware,Hofstra,Home,W,13,10,NA,13,9,22,29,20,29,14,6,15,26,10,2,12,41,21,23,11,5,11,26,10,11,13,7
2024-03-30,Delaware,Hampton,Away,W,21,3,NA,21,15,36,52,39,39,9,14,14,27,3,1,4,20,13,25,24,4,13,27,3,10,21,18
2024-04-06,Delaware,Fairfield,Away,W,14,6,NA,14,8,22,50,29,22,10,14,10,23,6,1,7,32,21,26,20,8,13,23,6,15,14,15
2024-04-13,Delaware,Stony Brook,Home,W,16,12,NA,16,11,27,49,29,30,13,7,12,31,12,6,18,43,33,28,10,4,19,31,12,21,16,13
2024-04-20,Delaware,Drexel,Away,W,13,6,NA,13,7,20,56,34,38,10,9,12,24,6,2,8,38,23,24,17,3,12,24,6,17,13,21
2024-04-26,Delaware,Towson,Home,L,10,11,NA,10,6,16,44,24,32,18,7,12,24,11,6,17,44,24,29,10,11,12,24,11,13,10,14
2024-05-02,Delaware,"Fairfield Towson, Md.",Away,L,13,12,1,13,2,15,46,23,34,15,5,18,29,12,8,20,41,27,27,10,6,11,29,12,15,13,10
2024-05-04,Delaware,Towson,Away,L,6,15,NA,6,6,12,27,12,22,24,10,10,24,15,10,25,42,27,35,20,13,14,24,15,12,6,6
2024-02-03,Denver,Johns Hopkins,Away,L,13,12,1,13,7,20,46,25,24,9,3,14,26,12,7,19,35,20,21,15,3,12,26,12,8,13,12
2024-02-10,Denver,Air Force,Home,L,11,9,NA,11,7,18,31,21,35,28,14,17,24,9,5,14,33,23,32,21,18,7,24,9,14,11,10
2024-02-17,Denver,Utah,Away,W,16,8,NA,16,7,23,38,25,29,18,13,18,27,8,4,12,42,22,30,17,6,9,27,8,14,16,9
2024-02-24,Denver,Cornell,Home,W,17,16,NA,17,13,30,48,28,42,7,6,22,37,16,9,25,43,28,26,13,1,15,37,16,12,17,11
2024-03-02,Denver,Le Moyne,Home,L,15,6,NA,15,9,24,52,29,30,9,12,15,23,6,2,8,18,7,20,21,4,8,23,6,1,15,14
2024-03-10,Denver,Yale,Home,L,13,15,NA,13,8,21,43,24,17,14,4,13,32,15,7,22,57,26,28,15,5,19,32,15,11,13,11
2024-03-17,Denver,Ohio St.,Away,L,9,6,NA,9,4,13,35,19,24,18,5,13,19,6,4,10,34,19,30,17,11,6,19,6,13,9,10
2024-03-24,Denver,"Duke Severn, Md.",Away,L,7,11,NA,7,0,7,33,16,29,15,2,12,22,11,5,16,31,21,20,13,5,10,22,11,10,7,9
2024-03-30,Denver,Villanova,Away,L,9,6,NA,9,6,15,35,22,28,23,14,13,19,6,2,8,30,13,21,22,12,6,19,6,7,9,13
2024-04-05,Denver,St. John's (NY),Home,L,18,8,NA,18,15,33,46,30,33,11,7,18,30,8,3,11,28,14,20,15,6,12,30,8,6,18,12
2024-04-13,Denver,Georgetown,Home,L,10,8,NA,10,6,16,34,17,29,15,7,12,22,8,6,14,31,18,30,17,6,10,22,8,10,10,7
2024-04-20,Denver,Providence,Away,L,7,4,NA,7,3,10,38,16,32,21,10,11,14,4,1,5,28,14,25,17,9,3,14,4,10,7,9
2024-04-26,Denver,Marquette,Home,L,15,9,NA,15,9,24,33,22,33,13,10,16,28,9,3,12,32,16,25,17,7,12,28,9,7,15,7
2024-05-02,Denver,Villanova,Away,L,9,10,NA,9,6,15,40,21,36,22,11,15,21,10,6,16,39,17,31,20,15,6,21,10,7,9,12
2024-05-11,Denver,Michigan,Home,W,16,11,NA,16,12,28,41,24,31,13,9,14,31,11,7,18,41,21,23,13,4,17,31,11,10,16,8
2024-05-19,Denver,"Syracuse Towson, Md.",Away,W,10,8,NA,10,4,14,38,19,31,18,10,12,22,8,3,11,36,18,37,13,9,10,22,8,10,10,9
2024-05-25,Denver,"Notre Dame Philadelphia, Pa.",Away,L,6,13,NA,6,2,8,30,18,24,15,12,5,23,13,7,20,35,23,44,20,10,18,23,13,10,6,12
2024-02-13,Detroit Mercy,Marquette,Away,L,8,22,NA,8,3,11,36,20,21,17,5,11,34,22,12,34,47,33,28,16,7,23,34,22,11,8,12
2024-03-02,Detroit Mercy,"VMI Powell, Ohio",Away,W,10,15,NA,10,4,14,35,22,20,22,6,7,29,15,7,22,45,28,41,22,8,22,29,15,13,10,12
2024-03-05,Detroit Mercy,Rutgers,Away,L,5,17,NA,5,2,7,26,14,25,19,7,11,26,17,7,24,53,29,39,12,8,15,26,17,12,5,9
2024-03-12,Detroit Mercy,Ohio St.,Away,W,10,16,NA,10,4,14,24,15,28,16,9,6,28,16,6,22,52,31,52,13,8,22,28,16,15,10,5
2024-03-16,Detroit Mercy,Mercer,Home,L,11,17,NA,11,3,14,38,25,34,21,12,8,32,17,9,26,54,36,54,15,14,24,32,17,19,11,14
2024-03-20,Detroit Mercy,Robert Morris,Away,W,12,13,1,12,7,19,38,26,16,16,7,4,27,13,9,22,50,30,41,17,8,23,27,13,17,12,14
2024-03-23,Detroit Mercy,Utah,Away,L,9,21,NA,9,3,12,31,22,24,17,6,11,34,21,15,36,63,40,41,14,12,23,34,21,19,9,13
2024-03-30,Detroit Mercy,Queens (NC),Home,L,12,7,NA,12,5,17,44,25,25,12,8,7,23,7,4,11,37,19,33,22,7,16,23,7,12,12,13
2024-04-06,Detroit Mercy,Lindenwood,Away,W,12,8,NA,12,7,19,46,23,33,13,2,15,24,8,3,11,43,24,24,9,2,9,24,8,16,12,11
2024-04-10,Detroit Mercy,Jacksonville,Home,W,9,21,NA,9,3,12,32,20,26,15,7,12,32,21,15,36,50,34,34,11,9,20,32,21,13,9,11
2024-04-13,Detroit Mercy,Air Force,Home,W,3,14,NA,3,2,5,30,17,24,15,5,6,20,14,9,23,44,26,31,16,7,14,20,14,12,3,14
2024-04-20,Detroit Mercy,Bellarmine,Away,L,18,10,NA,18,8,26,40,25,15,12,7,14,32,10,5,15,43,28,21,14,7,18,32,10,18,18,7
2024-04-27,Detroit Mercy,Cleveland St.,Home,W,8,13,NA,8,2,10,32,21,30,20,4,17,24,13,9,22,39,23,20,8,9,7,24,13,10,8,13
2024-02-16,Drexel,UMBC,Away,L,11,10,2,11,5,16,34,20,25,17,2,13,26,10,6,16,49,25,23,11,6,13,26,10,15,11,9
2024-02-20,Drexel,Lafayette,Away,W,7,8,NA,7,5,12,36,24,29,13,7,10,19,8,4,12,42,22,25,14,8,9,19,8,14,7,17
2024-02-24,Drexel,UAlbany,Home,W,13,12,1,13,6,19,45,27,37,16,6,14,29,12,5,17,54,29,25,15,10,15,29,12,17,13,14
2024-03-02,Drexel,Sacred Heart,Home,L,12,6,NA,12,7,19,47,30,30,10,5,16,21,6,2,8,33,19,16,19,3,5,21,6,13,12,18
2024-03-05,Drexel,Villanova,Home,L,12,13,2,12,10,22,31,19,25,20,9,9,30,13,7,20,51,24,40,21,11,21,30,13,11,12,7
2024-03-10,Drexel,Saint Joseph's,Away,L,6,15,NA,6,3,9,26,10,22,20,5,16,23,15,5,20,46,29,32,11,10,7,23,15,14,6,4
2024-03-16,Drexel,Towson,Home,L,11,16,NA,11,4,15,29,18,20,17,6,13,30,16,11,27,43,28,29,15,8,17,30,16,12,11,7
2024-03-23,Drexel,Virginia,Away,L,4,14,NA,4,2,6,35,18,38,24,9,10,21,14,9,23,55,32,50,19,19,11,21,14,18,4,14
2024-03-25,Drexel,Hampton,Away,W,16,5,NA,16,8,24,56,33,52,25,14,14,24,5,1,6,40,18,29,23,11,10,24,5,13,16,17
2024-03-30,Drexel,Fairfield,Home,L,13,18,NA,13,8,21,36,22,31,21,8,18,35,18,8,26,47,32,27,16,12,17,35,18,14,13,9
2024-04-06,Drexel,Stony Brook,Away,L,8,13,NA,8,6,14,43,19,19,14,1,11,24,13,8,21,42,21,33,12,5,13,24,13,8,8,11
2024-04-13,Drexel,Hofstra,Away,L,13,12,NA,13,9,22,38,22,34,14,11,13,29,12,7,19,38,20,34,17,5,16,29,12,8,13,9
2024-04-20,Drexel,Delaware,Home,W,6,13,NA,6,2,8,38,23,24,17,3,12,24,13,7,20,56,34,38,10,9,12,24,13,21,6,17
2024-04-26,Drexel,Monmouth,Away,L,6,4,NA,6,5,11,41,20,28,19,7,9,14,4,2,6,33,17,20,18,8,5,14,4,13,6,14
2024-05-02,Drexel,Towson,Away,L,8,18,NA,8,5,13,33,19,24,14,8,10,30,18,14,32,47,26,35,14,4,20,30,18,8,8,11
2024-02-03,Duke,Bellarmine,Home,W,20,12,NA,20,11,31,62,38,38,16,8,24,35,12,9,21,40,21,20,16,5,11,35,12,9,20,18
2024-02-10,Duke,High Point,Away,W,21,9,NA,21,14,35,42,34,47,20,13,18,34,9,6,15,44,27,30,19,12,16,34,9,18,21,13
2024-02-17,Duke,Saint Joseph's,Home,W,19,10,NA,19,10,29,39,27,46,19,15,24,31,10,6,16,40,25,25,16,7,7,31,10,15,19,8
2024-02-23,Duke,Jacksonville,Home,L,23,7,NA,23,8,31,49,32,34,13,12,14,31,7,4,11,41,22,34,21,5,17,31,7,15,23,9
2024-03-01,Duke,Penn,Home,L,12,14,NA,12,6,18,47,29,33,14,11,15,29,14,10,24,42,26,32,16,8,14,29,14,12,12,17
2024-03-03,Duke,Princeton,Home,L,17,8,NA,17,7,24,47,34,28,8,10,13,28,8,5,13,40,24,33,13,6,15,28,8,16,17,17
2024-03-09,Duke,Loyola Maryland,Away,L,16,10,NA,16,9,25,41,29,36,16,12,20,30,10,4,14,25,16,28,18,6,10,30,10,6,16,13
2024-03-13,Duke,Providence,Home,L,21,6,NA,21,14,35,40,29,41,19,10,18,31,6,2,8,29,16,26,20,8,13,31,6,10,21,8
2024-03-16,Duke,Richmond,Away,W,12,3,NA,12,8,20,44,21,23,13,7,8,19,3,2,5,30,15,20,17,5,11,19,3,12,12,9
2024-03-20,Duke,Syracuse,Away,L,4,10,NA,4,1,5,36,18,24,19,3,11,17,10,8,18,36,24,26,10,6,6,17,10,14,4,14
2024-03-24,Duke,"Denver Severn, Md.",Away,W,11,7,NA,11,5,16,31,21,20,13,5,10,22,7,0,7,33,16,29,15,2,12,22,7,9,11,10
2024-03-27,Duke,Boston U.,Home,W,11,10,NA,11,5,16,50,25,35,14,7,15,25,10,5,15,41,21,23,12,4,10,25,10,11,11,14
2024-04-07,Duke,Notre Dame,Home,L,12,15,NA,12,6,18,53,26,34,16,6,15,31,15,7,22,46,25,25,13,9,16,31,15,10,12,14
2024-04-14,Duke,Virginia,Home,W,18,12,NA,18,6,24,42,23,34,18,8,14,34,12,6,18,45,25,47,15,11,20,34,12,13,18,5
2024-04-27,Duke,North Carolina,Away,W,12,15,NA,12,6,18,45,27,25,13,5,10,29,15,9,24,50,28,39,16,8,19,29,15,13,12,15
2024-05-03,Duke,"Syracuse Charlotte, NC",Away,L,18,13,NA,18,7,25,40,25,33,12,7,14,32,13,7,20,44,25,27,14,3,18,32,13,12,18,7
2024-05-05,Duke,"Notre Dame Charlotte, NC",Away,L,6,16,NA,6,5,11,29,18,17,11,3,9,25,16,9,25,36,23,28,11,4,16,25,16,7,6,12
2024-05-11,Duke,Utah,Home,L,19,7,NA,19,14,33,36,24,30,18,9,16,29,7,3,10,39,18,24,16,8,13,29,7,11,19,5
2024-05-18,Duke,"Maryland Hempstead, New York",Away,W,11,14,NA,11,7,18,28,22,22,10,10,9,29,14,6,20,39,22,36,18,2,20,29,14,8,11,11
2024-02-10,Fairfield,Lehigh,Home,L,7,8,NA,7,7,14,37,20,24,15,13,7,19,8,2,10,35,15,28,21,8,12,19,8,7,7,13
2024-02-17,Fairfield,"North Carolina Bethesda, Md.",Away,L,8,19,NA,8,0,8,35,19,29,23,6,12,31,19,11,30,56,29,44,17,13,19,31,19,10,8,11
2024-02-21,Fairfield,Sacred Heart,Away,L,9,13,NA,9,5,14,42,20,27,15,9,5,26,13,6,19,41,23,37,24,11,20,25,13,10,9,11
2024-02-24,Fairfield,Wagner,Home,L,14,9,NA,14,12,26,54,26,37,12,17,16,26,9,6,15,29,15,13,21,4,10,26,9,6,14,12
2024-03-02,Fairfield,Providence,Home,W,14,12,NA,14,10,24,28,24,21,13,4,16,30,12,7,19,47,27,21,6,6,14,30,12,15,14,10
2024-03-06,Fairfield,Bryant,Away,L,5,16,NA,5,3,8,36,23,33,12,12,12,25,16,8,24,42,25,40,15,5,13,25,16,9,5,18
2024-03-09,Fairfield,UMass Lowell,Away,W,14,6,NA,14,9,23,48,31,40,8,12,10,24,6,2,8,31,15,30,21,3,14,24,6,9,14,17
2024-03-16,Fairfield,Hofstra,Home,W,12,11,NA,12,8,20,45,27,33,16,13,13,27,11,7,18,39,21,26,19,5,14,27,11,10,12,15
2024-03-23,Fairfield,Towson,Home,L,10,12,NA,10,5,15,38,17,37,19,10,13,26,12,6,18,40,22,38,16,13,13,26,12,10,10,7
2024-03-30,Fairfield,Drexel,Away,L,18,13,NA,18,8,26,47,32,27,16,12,17,35,13,8,21,36,22,31,21,8,18,35,13,9,18,14
2024-04-06,Fairfield,Delaware,Home,W,6,14,NA,6,1,7,32,21,26,20,8,13,23,14,8,22,50,29,22,10,14,10,23,14,15,6,15
2024-04-13,Fairfield,Monmouth,Away,L,11,10,NA,11,5,16,32,19,32,20,8,10,25,10,6,16,45,22,33,20,8,15,25,10,12,11,8
2024-04-20,Fairfield,Stony Brook,Home,W,11,10,NA,11,8,19,47,24,27,16,12,12,25,10,5,15,37,20,22,17,10,13,25,10,10,11,13
2024-04-27,Fairfield,Hampton,Away,W,18,8,NA,18,13,31,46,32,41,18,12,16,30,8,6,14,29,17,35,24,11,14,30,8,9,18,14
2024-05-02,Fairfield,"Delaware Towson, Md.",Away,W,12,13,1,12,8,20,41,27,27,10,6,11,29,13,2,15,46,23,34,15,5,18,29,13,10,12,15
2024-02-03,Georgetown,Loyola Maryland,Away,W,10,18,NA,10,4,14,44,21,29,17,4,18,30,18,11,29,41,26,26,12,11,12,30,18,8,10,11
2024-02-10,Georgetown,Johns Hopkins,Home,W,9,11,NA,9,4,13,43,20,30,15,5,8,23,11,6,17,44,22,28,13,9,15,23,11,11,9,11
2024-02-17,Georgetown,Penn,Away,W,12,9,NA,12,9,21,40,23,30,15,4,17,24,9,5,14,36,21,18,10,5,7,24,9,12,12,11
2024-02-25,Georgetown,Notre Dame,Away,L,11,10,1,11,6,17,35,19,18,17,6,8,23,10,5,15,36,21,26,15,10,15,23,10,11,11,8
2024-03-02,Georgetown,Brown,Home,L,11,5,NA,11,9,20,39,22,31,16,9,10,20,5,3,8,30,19,22,15,3,10,20,5,14,11,11
2024-03-05,Georgetown,High Point,Away,W,14,8,NA,14,8,22,45,26,40,13,8,20,26,8,4,12,36,17,26,10,6,6,26,8,9,14,12
2024-03-19,Georgetown,Dartmouth,Home,L,21,9,NA,21,12,33,44,33,43,16,11,21,34,9,8,17,27,20,25,18,6,13,34,9,11,21,12
2024-03-23,Georgetown,Richmond,Away,W,14,8,NA,14,10,24,27,24,33,18,7,14,26,8,6,14,41,22,25,11,7,12,26,8,14,14,10
2024-03-30,Georgetown,Providence,Away,L,15,10,NA,15,12,27,38,27,34,13,8,18,29,10,3,13,26,16,25,16,6,11,29,10,6,15,12
2024-04-06,Georgetown,Marquette,Home,L,11,8,NA,11,6,17,33,21,28,8,9,3,22,8,4,12,37,22,25,15,2,19,22,8,14,11,10
2024-04-13,Georgetown,Denver,Away,L,8,10,NA,8,6,14,31,18,30,17,6,10,22,10,6,16,34,17,29,15,7,12,22,10,7,8,10
2024-04-20,Georgetown,St. John's (NY),Home,L,20,6,NA,20,13,33,52,40,46,9,7,18,29,6,5,11,31,21,29,15,5,11,29,6,15,20,20
2024-04-26,Georgetown,Villanova,Away,W,12,4,NA,12,10,22,43,21,31,16,11,13,19,4,2,6,19,11,21,20,11,6,19,4,7,12,9
2024-05-02,Georgetown,"Providence Villanova, Pa.",Away,L,14,13,1,14,9,23,41,23,33,14,8,14,31,13,7,20,44,21,30,14,5,17,31,13,8,14,9
2024-05-04,Georgetown,Villanova,Away,L,11,10,1,11,7,18,41,23,32,18,7,18,24,10,5,15,37,22,27,13,11,6,24,10,12,11,12
2024-05-12,Georgetown,Penn St.,Home,L,12,9,NA,12,7,19,48,25,37,12,11,12,25,9,6,15,39,19,39,18,8,13,25,9,10,12,13
2024-05-18,Georgetown,"Notre Dame Hempstead, New York",Away,W,11,16,NA,11,7,18,33,19,23,11,6,8,31,16,8,24,43,24,30,15,4,23,31,16,8,11,8
2024-02-04,Hampton,Mercer,Away,L,5,20,NA,5,2,7,35,17,26,22,2,7,27,20,9,29,52,31,52,23,5,20,27,20,11,5,12
2024-02-17,Hampton,Lafayette,Away,W,2,22,NA,2,1,3,15,8,26,23,7,3,26,22,12,34,55,40,40,15,12,23,26,22,18,2,6
2024-02-20,Hampton,VMI,Home,W,6,25,NA,6,4,10,28,19,29,23,9,10,35,25,16,41,55,42,49,18,9,25,35,25,17,6,13
2024-02-24,Hampton,Queens (NC),Away,L,7,14,NA,7,3,10,35,18,24,25,13,4,25,14,11,25,50,35,39,28,12,21,25,14,21,7,11
2024-02-27,Hampton,Bellarmine,Home,W,7,23,NA,7,3,10,38,21,27,21,13,12,31,23,15,38,54,32,48,23,11,19,31,23,9,7,14
2024-03-02,Hampton,Stony Brook,Away,W,2,23,NA,2,0,2,22,9,26,29,8,7,29,23,14,37,59,37,52,20,11,22,29,23,14,2,7
2024-03-12,Hampton,High Point,Home,W,5,27,NA,5,2,7,35,22,37,29,9,17,35,27,17,44,52,37,51,20,17,18,35,27,10,5,17
2024-03-25,Hampton,Drexel,Home,W,5,16,NA,5,1,6,40,18,29,23,11,10,24,16,8,24,56,33,52,25,14,14,24,16,17,5,13
2024-03-30,Hampton,Delaware,Home,W,3,21,NA,3,1,4,20,13,25,24,4,13,27,21,15,36,52,39,39,9,14,14,27,21,18,3,10
2024-04-06,Hampton,Monmouth,Away,L,4,15,NA,4,1,5,26,13,26,20,1,9,23,15,7,22,50,26,32,13,4,14,23,15,11,4,9
2024-04-13,Hampton,Towson,Home,L,2,25,NA,2,1,3,29,14,22,25,6,10,31,25,19,44,59,42,49,14,15,21,31,25,17,2,12
2024-04-20,Hampton,Hofstra,Away,L,5,21,NA,5,4,9,26,12,27,24,7,4,29,21,15,36,53,33,47,14,10,25,29,21,12,5,7
2024-04-27,Hampton,Fairfield,Home,W,8,18,NA,8,6,14,29,17,35,24,11,14,30,18,13,31,46,32,41,18,12,16,30,18,14,8,9
2024-02-17,Harvard,Providence,Home,L,23,7,NA,23,12,35,43,33,43,13,11,21,31,7,4,11,29,18,26,20,6,10,31,7,11,23,10
2024-02-20,Harvard,Bryant,Home,W,14,13,NA,14,10,24,40,28,29,10,12,9,30,13,4,17,40,22,37,20,1,21,30,13,9,14,14
2024-02-24,Harvard,"Bucknell Westport, Conn.",Away,L,13,12,NA,13,5,18,46,27,33,14,7,14,26,12,5,17,37,24,20,17,3,12,26,12,12,13,14
2024-02-27,Harvard,Merrimack,Home,L,23,8,NA,23,14,37,55,36,53,20,14,17,33,8,7,15,31,15,24,27,6,16,33,8,7,23,13
2024-03-02,Harvard,Vermont,Away,L,15,12,NA,15,7,22,47,34,35,15,11,15,29,12,7,19,25,21,39,21,10,14,29,12,9,15,19
2024-03-10,Harvard,Michigan,Away,L,13,11,NA,13,6,19,39,24,21,11,6,8,25,11,6,17,55,20,29,13,7,17,25,11,9,13,11
2024-03-16,Harvard,Yale,Away,W,15,17,NA,15,6,21,35,24,33,14,6,11,35,17,12,29,52,36,42,12,11,24,35,17,19,15,9
2024-03-23,Harvard,Princeton,Home,L,11,14,NA,11,7,18,32,17,18,15,6,9,29,14,8,22,54,34,36,17,5,20,29,14,20,11,6
2024-03-30,Harvard,Virginia,Home,L,10,13,NA,10,7,17,45,27,44,19,12,12,26,13,9,22,45,23,41,17,12,14,26,13,10,10,17
2024-04-06,Harvard,Dartmouth,Home,L,13,7,NA,13,9,22,47,25,43,14,14,9,24,7,2,9,33,18,38,24,6,15,24,7,11,13,12
2024-04-13,Harvard,Penn,Away,W,12,15,NA,12,5,17,38,30,22,11,8,10,30,15,13,28,45,29,31,15,2,20,30,15,14,12,18
2024-04-20,Harvard,Cornell,Away,L,8,15,NA,8,4,12,35,24,31,23,11,13,26,15,11,26,41,28,34,21,11,13,26,15,13,8,16
2024-04-27,Harvard,Brown,Home,W,11,10,NA,11,8,19,40,25,31,15,6,10,23,10,4,14,40,21,34,19,5,13,23,10,11,11,14
2024-02-03,High Point,Mercer,Home,L,14,7,NA,14,8,22,57,30,47,15,14,12,24,7,5,12,34,16,27,20,5,12,24,7,9,14,16
2024-02-10,High Point,Duke,Home,W,9,21,NA,9,6,15,44,27,30,19,12,16,34,21,14,35,42,34,47,20,13,18,34,21,13,9,18
2024-02-16,High Point,VMI,Home,L,19,9,NA,19,13,32,54,38,45,12,8,23,32,9,6,15,36,18,30,14,9,9,32,9,9,19,19
2024-02-18,High Point,Queens (NC),Away,W,17,8,NA,17,14,31,57,37,39,13,9,20,27,8,3,11,28,16,20,22,2,7,27,8,8,17,20
2024-02-24,High Point,Cleveland St.,Away,L,18,11,NA,18,10,28,38,29,42,23,12,23,33,11,4,15,27,19,27,22,9,10,33,11,8,18,11
2024-03-02,High Point,Syracuse,Away,W,13,19,NA,13,6,19,40,27,38,12,5,16,36,19,7,26,54,36,37,12,9,20,36,19,17,13,14
2024-03-05,High Point,Georgetown,Home,W,8,14,NA,8,4,12,36,17,26,10,6,6,26,14,8,22,45,26,40,13,8,20,26,14,12,8,9
2024-03-09,High Point,"Jacksonville Charlotte, NC",Away,L,9,10,NA,9,5,14,55,19,19,16,9,14,23,10,6,16,29,22,24,16,10,9,23,10,12,9,10
2024-03-12,High Point,Hampton,Away,W,27,5,NA,27,17,44,52,37,51,20,17,18,35,5,2,7,35,22,37,29,9,17,35,5,17,27,10
2024-03-23,High Point,North Carolina,Away,L,12,11,NA,12,6,18,39,20,31,19,3,16,27,11,5,16,38,22,27,13,8,11,27,11,11,12,8
2024-03-30,High Point,Saint Joseph's,Away,L,7,15,NA,7,4,11,33,22,28,21,7,12,22,15,3,18,45,29,35,13,10,10,22,15,14,7,15
2024-04-05,High Point,St. Bonaventure,Home,L,18,7,NA,18,12,30,47,28,45,15,13,19,28,7,4,11,33,18,19,17,10,9,28,7,11,18,10
2024-04-13,High Point,Richmond,Home,L,5,9,NA,5,2,7,42,17,27,18,12,15,17,9,4,13,29,18,33,17,12,2,17,9,9,5,12
2024-04-20,High Point,Hobart,Away,L,11,10,NA,11,6,17,52,24,36,16,11,11,24,10,6,16,51,23,32,16,12,13,24,10,13,11,13
2024-04-26,High Point,Massachusetts,Home,W,17,10,NA,17,13,30,41,31,34,13,9,17,31,10,4,14,38,21,29,13,6,14,31,10,11,17,14
2024-05-02,High Point,"Richmond Amherst, Mass.",Away,W,10,11,NA,10,6,16,41,20,38,21,8,17,25,11,7,18,47,22,33,14,8,8,25,11,11,10,10
2024-02-03,Hofstra,Wagner,Home,L,21,9,NA,21,13,34,57,35,33,11,8,19,32,9,5,14,28,16,19,21,1,13,32,9,7,21,14
2024-02-10,Hofstra,Navy,Away,L,8,16,NA,8,6,14,31,22,27,15,7,9,26,16,9,25,43,24,28,16,5,17,26,16,8,8,14
2024-02-13,Hofstra,St. John's (NY),Home,W,17,13,NA,17,10,27,49,27,40,18,4,23,33,13,5,18,46,32,29,13,1,10,33,13,19,17,10
2024-02-17,Hofstra,Siena,Home,W,14,12,NA,14,6,20,49,26,40,20,10,19,30,12,10,22,30,19,29,22,11,11,30,12,7,14,12
2024-02-24,Hofstra,Marist,Home,L,10,12,NA,10,7,17,55,23,28,16,8,18,25,12,6,18,40,21,19,14,4,7,25,12,9,10,13
2024-03-02,Hofstra,Rutgers,Away,L,8,13,NA,8,5,13,33,19,27,18,4,15,23,13,5,18,46,25,25,11,5,8,23,13,12,8,11
2024-03-09,Hofstra,North Carolina,Home,W,9,21,NA,9,4,13,38,20,27,18,3,11,33,21,16,37,57,34,43,13,10,22,33,21,13,9,11
2024-03-16,Hofstra,Fairfield,Away,W,11,12,NA,11,7,18,39,21,26,19,5,14,27,12,8,20,45,27,33,16,13,13,27,12,15,11,10
2024-03-23,Hofstra,Delaware,Away,W,10,13,NA,10,2,12,41,21,23,11,5,11,26,13,9,22,29,20,29,14,6,15,26,13,7,10,11
2024-03-30,Hofstra,Monmouth,Home,W,8,7,1,8,7,15,43,26,33,13,6,6,19,7,3,10,31,17,33,16,3,13,19,7,10,8,18
2024-04-06,Hofstra,Towson,Away,W,11,15,NA,11,8,19,38,24,33,16,11,15,28,15,11,26,39,26,32,17,12,13,28,15,11,11,13
2024-04-13,Hofstra,Drexel,Home,L,12,13,NA,12,7,19,38,20,34,17,5,16,29,13,9,22,38,22,34,14,11,13,29,13,9,12,8
2024-04-16,Hofstra,Yale,Home,L,12,16,NA,12,8,20,51,33,37,20,8,24,31,16,6,22,29,23,24,19,3,7,31,16,7,12,21
2024-04-20,Hofstra,Hampton,Home,L,21,5,NA,21,15,36,53,33,47,14,10,25,29,5,4,9,26,12,27,24,7,4,29,5,7,21,12
2024-04-27,Hofstra,Stony Brook,Away,W,11,9,NA,11,8,19,43,24,30,13,3,15,24,9,8,17,40,24,24,10,6,9,24,9,15,11,13
2024-02-04,Holy Cross,Providence,Home,W,6,12,NA,6,2,8,32,19,24,16,12,6,21,12,7,19,39,20,35,27,3,15,21,12,8,6,13
2024-02-10,Holy Cross,UMass Lowell,Away,W,16,9,NA,16,6,22,38,28,32,16,20,3,27,9,3,12,28,21,34,30,7,24,27,9,12,16,12
2024-02-17,Holy Cross,Sacred Heart,Home,L,10,9,NA,10,4,14,33,21,30,22,5,14,23,9,7,16,37,21,29,19,8,9,23,9,12,10,11
2024-02-24,Holy Cross,Dartmouth,Away,L,8,14,NA,8,4,12,34,23,38,19,10,12,25,14,11,25,38,24,37,17,10,13,25,14,10,8,15
2024-03-02,Holy Cross,Bucknell,Away,L,9,12,NA,9,7,16,35,14,32,20,15,13,25,12,9,21,39,26,37,19,12,12,25,12,14,9,5
2024-03-09,Holy Cross,Army West Point,Away,L,8,18,NA,8,4,12,29,16,19,18,2,10,30,18,14,32,51,31,35,11,8,20,30,18,13,8,8
2024-03-16,Holy Cross,Lafayette,Home,W,8,17,NA,8,1,9,40,23,34,14,10,11,29,17,10,27,45,25,29,24,5,18,29,17,8,8,15
2024-03-23,Holy Cross,Navy,Away,L,7,17,NA,7,5,12,33,18,33,21,7,10,28,17,10,27,38,25,39,26,6,18,28,17,8,7,11
2024-03-30,Holy Cross,Boston U.,Home,W,6,22,NA,6,5,11,36,20,28,20,5,12,32,22,17,39,50,34,43,21,5,20,32,22,12,6,14
2024-04-06,Holy Cross,Lehigh,Away,W,7,9,NA,7,2,9,32,17,29,19,7,7,18,9,4,13,38,19,38,21,12,11,18,9,10,7,10
2024-04-13,Holy Cross,Loyola Maryland,Home,W,6,15,NA,6,3,9,40,19,26,9,6,14,25,15,12,27,39,27,31,13,5,11,25,15,12,6,13
2024-04-20,Holy Cross,Colgate,Home,W,8,18,NA,8,8,16,31,18,36,28,5,19,30,18,10,28,52,32,43,19,17,11,30,18,14,8,10
2024-04-25,Holy Cross,Le Moyne,Away,L,9,10,NA,9,4,13,27,20,28,19,6,11,23,10,10,20,33,15,28,21,10,12,23,10,5,9,11
2024-02-10,Jacksonville,"Binghamton Sparks Glencoe, MD",Away,L,9,8,NA,9,4,13,41,22,29,25,6,8,19,8,4,12,48,29,28,16,9,11,19,8,21,9,13
2024-02-17,Jacksonville,Marist,Away,W,8,9,1,8,3,11,45,24,43,21,7,14,21,9,3,12,54,24,35,15,12,7,21,9,15,8,16
2024-02-23,Jacksonville,Duke,Away,L,7,23,NA,7,4,11,41,22,34,21,5,17,31,23,8,31,49,32,34,13,12,14,31,23,9,7,15
2024-02-27,Jacksonville,Michigan,Home,L,10,13,NA,10,4,14,34,25,27,13,13,6,26,13,4,17,46,27,33,17,4,20,26,13,14,10,15
2024-03-02,Jacksonville,St. John's (NY),Home,L,24,7,NA,24,20,44,59,37,42,16,19,18,34,7,4,11,29,18,27,24,8,16,34,7,11,24,13
2024-03-09,Jacksonville,"High Point Charlotte, NC",Away,W,10,9,NA,10,6,16,29,22,24,16,10,9,23,9,5,14,55,19,19,16,9,14,23,9,10,10,12
2024-03-16,Jacksonville,Robert Morris,Home,L,13,9,NA,13,8,21,39,26,35,12,7,14,26,9,1,10,32,23,11,14,4,12,26,9,14,13,13
2024-03-23,Jacksonville,Mercer,Away,L,8,7,NA,8,7,15,32,18,24,15,2,10,19,7,4,11,40,19,23,12,7,9,19,7,12,8,10
2024-03-27,Jacksonville,Cleveland St.,Home,L,18,6,NA,18,16,34,43,30,32,15,11,16,28,6,2,8,28,17,27,13,8,12,28,6,11,18,12
2024-03-30,Jacksonville,Utah,Home,L,14,16,NA,14,8,22,42,27,43,17,7,25,32,16,8,24,34,26,22,11,6,7,32,16,11,14,14
2024-04-06,Jacksonville,Queens (NC),Away,W,19,5,NA,19,18,37,53,30,36,18,10,19,28,5,3,8,34,17,21,16,7,9,28,5,12,19,11
2024-04-10,Jacksonville,Detroit Mercy,Away,W,21,9,NA,21,15,36,50,34,34,11,9,20,32,9,3,12,32,20,26,15,7,12,32,9,11,21,13
2024-04-13,Jacksonville,Lindenwood,Home,L,20,5,NA,20,12,32,57,36,40,15,10,21,29,5,2,7,25,20,15,13,4,8,29,5,15,20,16
2024-04-20,Jacksonville,Air Force,Away,W,10,9,1,10,7,17,43,29,27,10,9,9,22,9,4,13,44,19,28,15,6,13,22,9,10,10,19
2024-04-27,Jacksonville,Bellarmine,Home,L,22,7,NA,22,16,38,44,35,43,17,9,21,32,7,1,8,30,24,25,14,6,11,32,7,17,22,13
2024-04-30,Jacksonville,"Robert Morris USAF Academy, Colo.",Away,L,17,12,NA,17,12,29,47,25,35,17,7,16,32,12,4,16,43,27,24,12,6,16,32,12,15,17,8
2024-05-03,Jacksonville,"Air Force USAF Academy, Colo.",Away,L,15,10,NA,15,11,26,43,26,32,14,7,18,29,10,5,15,37,22,28,14,7,11,29,10,12,15,11
2024-05-05,Jacksonville,"Utah USAF Academy, Colo.",Away,W,13,16,NA,13,10,23,52,29,38,15,6,18,32,16,5,21,40,27,34,14,10,14,32,16,11,13,16
2024-02-03,Johns Hopkins,Denver,Home,L,12,13,1,12,7,19,35,20,21,15,3,12,26,13,7,20,46,25,24,9,3,14,26,13,12,12,8
2024-02-06,Johns Hopkins,Towson,Home,L,13,5,NA,13,10,23,43,23,40,16,10,13,21,5,3,8,29,15,18,18,7,8,21,5,10,13,10
2024-02-10,Johns Hopkins,Georgetown,Away,W,11,9,NA,11,6,17,44,22,28,13,9,15,23,9,4,13,43,20,30,15,5,8,23,9,11,11,11
2024-02-17,Johns Hopkins,Loyola Maryland,Home,L,13,7,NA,13,6,19,45,30,35,14,12,13,24,7,6,13,26,18,27,20,5,11,24,7,11,13,17
2024-02-24,Johns Hopkins,North Carolina,Away,W,13,9,NA,13,8,21,41,24,36,13,7,11,26,9,6,15,40,22,31,15,8,15,26,9,13,13,11
2024-03-02,Johns Hopkins,Virginia,Away,L,16,14,NA,16,10,26,42,27,44,15,11,20,34,14,11,25,43,30,35,16,7,14,34,14,16,16,11
2024-03-09,Johns Hopkins,"Syracuse Charlotte, NC",Away,W,13,14,NA,13,9,22,36,24,25,14,7,9,31,14,11,25,46,29,33,16,4,22,31,14,15,13,11
2024-03-15,Johns Hopkins,Navy,Home,W,9,10,1,9,5,14,39,21,30,14,9,10,23,10,7,17,33,19,30,17,6,13,23,10,9,9,12
2024-03-24,Johns Hopkins,Rutgers,Away,W,13,8,NA,13,7,20,33,23,19,14,2,11,23,8,5,13,35,21,28,10,9,12,23,8,13,13,10
2024-03-30,Johns Hopkins,Michigan,Home,W,15,11,NA,15,10,25,43,27,24,13,13,11,29,11,10,21,34,26,26,17,5,18,29,11,15,15,12
2024-04-06,Johns Hopkins,Penn St.,Home,W,9,8,1,9,4,13,34,25,29,9,14,11,21,8,3,11,41,24,28,17,4,10,21,8,16,9,16
2024-04-14,Johns Hopkins,Ohio St.,Away,L,11,10,1,11,4,15,36,22,33,16,9,10,24,10,5,15,40,18,35,16,11,14,24,10,8,11,11
2024-04-20,Johns Hopkins,Maryland,Home,W,7,5,NA,7,3,10,30,17,19,15,7,6,15,5,5,10,34,17,26,19,2,9,15,5,12,7,10
2024-05-02,Johns Hopkins,"Michigan Columbus, Ohio",Away,L,7,10,NA,7,5,12,25,15,27,17,5,14,20,10,5,15,48,23,25,8,9,6,20,10,13,7,8
2024-05-12,Johns Hopkins,Lehigh,Home,W,13,10,NA,13,6,19,36,22,32,14,8,12,27,10,2,12,38,23,31,18,7,15,27,10,13,13,9
2024-05-19,Johns Hopkins,"Virginia Towson, Md.",Away,W,10,11,2,10,9,19,36,19,27,25,6,10,26,11,7,18,50,26,40,19,11,16,26,11,15,10,9
2024-02-10,LIU,Monmouth,Away,W,10,14,NA,10,7,17,34,26,28,19,12,10,28,14,6,20,45,26,34,18,15,18,28,14,12,10,16
2024-02-17,LIU,Merrimack,Home,L,10,8,NA,10,6,16,34,21,33,21,11,15,22,8,3,11,44,15,23,18,8,7,22,8,7,10,11
2024-02-24,LIU,Lindenwood,Away,W,10,7,NA,10,7,17,47,22,42,20,9,12,20,7,3,10,27,12,32,21,13,8,20,7,5,10,12
2024-03-02,LIU,UMass Lowell,Home,L,13,6,NA,13,6,19,46,25,42,19,6,13,23,6,3,9,33,16,31,19,5,10,23,6,10,13,12
2024-03-09,LIU,VMI,Away,W,17,8,NA,17,11,28,35,24,27,18,11,14,29,8,5,13,37,18,32,17,12,15,29,8,10,17,7
2024-03-16,LIU,Mount St. Mary's,Home,L,13,6,NA,13,7,20,51,29,39,20,14,14,22,6,4,10,23,12,30,25,10,8,22,6,6,13,16
2024-03-23,LIU,Siena,Away,L,12,11,1,12,8,20,39,20,29,23,12,12,27,11,6,17,33,21,21,27,11,15,27,11,10,12,8
2024-03-27,LIU,Wagner,Away,W,14,8,NA,14,11,25,47,29,29,12,11,13,26,8,4,12,30,19,21,22,7,13,26,8,11,14,15
2024-03-30,LIU,Sacred Heart,Home,W,6,17,NA,6,4,10,32,16,17,14,10,10,26,17,7,24,53,27,34,16,7,16,26,17,10,6,10
2024-04-05,LIU,Canisius,Away,L,17,15,NA,17,9,26,37,31,36,13,5,13,36,15,8,23,40,21,48,21,7,23,36,15,6,17,14
2024-04-10,LIU,Manhattan,Home,W,13,12,NA,13,8,21,44,26,29,8,11,13,29,12,8,20,34,21,28,17,4,16,29,12,9,13,13
2024-04-13,LIU,Marist,Away,L,8,15,NA,8,6,14,46,25,43,12,10,16,26,15,9,24,41,27,40,15,5,10,26,15,12,8,17
2024-04-20,LIU,Quinnipiac,Home,L,10,9,1,10,9,19,37,25,29,20,12,15,22,9,4,13,48,28,25,18,13,7,22,9,19,10,15
2024-05-02,LIU,Manhattan,Away,W,7,8,NA,7,4,11,32,15,14,13,8,6,18,8,5,13,40,16,23,12,4,12,18,8,8,7,8
2024-02-10,Lafayette,Delaware,Away,L,6,14,NA,6,5,11,36,20,21,21,6,6,24,14,10,24,65,32,44,13,11,18,24,14,18,6,14
2024-02-17,Lafayette,Hampton,Home,W,22,2,NA,22,12,34,55,40,40,15,12,23,26,2,1,3,15,8,26,23,7,3,26,2,6,22,18
2024-02-20,Lafayette,Drexel,Home,W,8,7,NA,8,4,12,42,22,25,14,8,9,19,7,5,12,36,24,29,13,7,10,19,7,17,8,14
2024-02-24,Lafayette,Binghamton,Home,W,19,12,NA,19,11,30,48,32,42,15,2,19,35,12,3,15,39,27,29,10,7,16,35,12,15,19,13
2024-03-03,Lafayette,Army West Point,Home,L,11,16,NA,11,0,11,44,21,28,16,5,13,31,16,11,27,43,31,40,10,7,18,31,16,15,11,10
2024-03-09,Lafayette,Colgate,Away,W,10,16,NA,10,7,17,28,19,21,24,6,13,30,16,14,30,46,25,26,19,11,17,30,16,9,10,9
2024-03-16,Lafayette,Holy Cross,Away,W,17,8,NA,17,10,27,45,25,29,24,5,18,29,8,1,9,40,23,34,14,10,11,29,8,15,17,8
2024-03-23,Lafayette,Loyola Maryland,Home,L,10,18,NA,10,9,19,34,22,27,13,4,15,31,18,13,31,41,25,26,14,8,16,31,18,7,10,12
2024-03-30,Lafayette,Bucknell,Away,L,8,17,NA,8,2,10,31,19,31,23,6,16,29,17,11,28,47,30,36,14,12,13,29,17,13,8,11
2024-04-06,Lafayette,Navy,Home,W,9,10,NA,9,3,12,38,19,26,13,10,12,23,10,6,16,48,21,33,13,7,11,23,10,11,9,10
2024-04-13,Lafayette,Boston U.,Away,L,11,10,NA,11,9,20,38,23,26,19,14,12,24,10,7,17,33,22,39,21,13,12,24,10,12,11,12
2024-04-19,Lafayette,Le Moyne,Home,L,14,9,NA,14,5,19,40,24,38,14,6,19,27,9,5,14,33,16,21,13,5,8,27,9,7,14,10
2024-04-26,Lafayette,Lehigh,Home,L,12,13,NA,12,4,16,40,23,36,15,13,9,28,13,6,19,40,23,38,20,7,19,28,13,10,12,11
2024-02-03,Lehigh,Rutgers,Away,W,12,14,NA,12,2,14,40,22,22,11,4,12,30,14,9,23,38,24,32,14,3,18,30,14,10,12,10
2024-02-10,Lehigh,Fairfield,Away,L,8,7,NA,8,2,10,35,15,28,21,8,12,19,7,7,14,37,20,24,15,13,7,19,7,13,8,7
2024-02-17,Lehigh,Cornell,Away,W,13,17,NA,13,2,15,44,27,33,14,7,11,34,17,10,27,45,28,46,18,7,23,34,17,11,13,14
2024-02-26,Lehigh,"Dartmouth Hartford, Conn.",Away,W,11,6,NA,11,5,16,32,21,40,23,14,9,20,6,0,6,32,21,38,18,10,11,20,6,15,11,10
2024-03-02,Lehigh,Villanova,Home,W,8,14,NA,8,2,10,34,22,26,20,8,13,26,14,7,21,39,28,22,15,12,13,26,14,14,8,14
2024-03-09,Lehigh,Navy,Home,W,12,10,NA,12,0,12,33,22,25,13,7,12,25,10,4,14,40,26,26,15,4,13,25,10,16,12,10
2024-03-16,Lehigh,Army West Point,Away,W,12,18,NA,12,7,19,33,25,26,17,5,10,33,18,11,29,54,37,32,14,6,23,33,18,19,12,13
2024-03-23,Lehigh,Bucknell,Home,W,9,8,NA,9,4,13,35,15,29,18,9,15,21,8,2,10,36,18,29,15,7,6,21,8,10,9,6
2024-03-29,Lehigh,Loyola Maryland,Away,W,10,12,NA,10,6,16,33,18,40,24,7,19,26,12,4,16,39,21,34,13,11,7,26,12,9,10,8
2024-04-02,Lehigh,Princeton,Away,W,10,12,NA,10,4,14,34,21,36,17,9,16,24,12,6,18,44,22,31,12,13,8,24,12,10,10,11
2024-04-06,Lehigh,Holy Cross,Home,W,9,7,NA,9,4,13,38,19,38,21,12,11,18,7,2,9,32,17,29,19,7,7,18,7,10,9,10
2024-04-13,Lehigh,Colgate,Away,L,9,7,NA,9,7,16,25,13,25,23,4,14,18,7,5,12,34,17,26,17,11,4,18,7,10,9,4
2024-04-20,Lehigh,Boston U.,Home,W,13,12,1,13,4,17,34,24,40,18,11,16,29,12,7,19,33,22,33,15,9,13,29,12,10,13,11
2024-04-26,Lehigh,Lafayette,Away,L,13,12,NA,13,6,19,40,23,38,20,7,19,28,12,4,16,40,23,36,15,13,9,28,12,11,13,10
2024-05-03,Lehigh,"Navy West Point, N.Y.",Away,W,12,8,NA,12,7,19,31,19,29,15,10,13,24,8,7,15,28,18,26,16,6,11,24,8,10,12,7
2024-05-05,Lehigh,"Boston U. West Point, N.Y.",Away,L,11,10,NA,11,4,15,36,21,31,21,6,12,20,10,8,18,41,18,32,13,10,8,20,10,8,11,10
2024-05-12,Lehigh,Johns Hopkins,Away,W,10,13,NA,10,2,12,38,23,31,18,7,15,27,13,6,19,36,22,32,14,8,12,27,13,9,10,13
2024-02-09,Lindenwood,Marquette,Away,L,5,16,NA,5,1,6,35,16,21,21,4,11,25,16,9,25,50,30,24,16,6,14,25,16,14,5,11
2024-02-24,Lindenwood,LIU,Home,W,7,10,NA,7,3,10,27,12,32,21,13,8,20,10,7,17,47,22,42,20,9,12,20,10,12,7,5
2024-03-09,Lindenwood,NJIT,Away,L,5,18,NA,5,3,8,31,19,29,19,7,12,27,18,13,31,47,28,39,14,9,15,27,18,10,5,14
2024-03-16,Lindenwood,Cleveland St.,Home,W,7,10,NA,7,4,11,27,15,31,17,7,6,21,10,4,14,41,18,31,21,5,15,21,10,8,7,8
2024-03-20,Lindenwood,Queens (NC),Away,W,3,8,NA,3,2,5,35,21,29,19,9,6,13,8,3,11,39,25,27,18,5,7,13,8,17,3,18
2024-03-23,Lindenwood,Air Force,Home,W,3,15,NA,3,2,5,21,13,24,16,5,12,22,15,9,24,42,24,37,15,6,10,22,15,9,3,10
2024-03-30,Lindenwood,Bellarmine,Away,W,10,17,NA,10,6,16,31,20,24,15,5,11,30,17,14,31,60,34,28,21,10,19,30,17,17,10,10
2024-04-06,Lindenwood,Detroit Mercy,Home,W,8,12,NA,8,3,11,43,24,24,9,2,9,24,12,7,19,46,23,33,13,2,15,24,12,11,8,16
2024-04-10,Lindenwood,Utah,Home,W,5,17,NA,5,3,8,36,18,24,18,4,10,26,17,13,30,53,32,39,14,9,16,26,17,15,5,13
2024-04-13,Lindenwood,Jacksonville,Away,L,5,20,NA,5,2,7,25,20,15,13,4,8,29,20,12,32,57,36,40,15,10,21,29,20,16,5,15
2024-04-20,Lindenwood,Robert Morris,Home,W,9,10,NA,9,6,15,35,24,21,13,8,5,22,10,7,17,37,24,39,22,10,17,22,10,14,9,15
2024-04-27,Lindenwood,Mercer,Away,W,11,13,NA,11,6,17,36,26,24,17,5,13,27,13,6,19,62,32,39,12,9,14,27,13,19,11,15
2024-02-03,Loyola Maryland,Georgetown,Home,W,18,10,NA,18,11,29,41,26,26,12,11,12,30,10,4,14,44,21,29,17,4,18,30,10,11,18,8
2024-02-10,Loyola Maryland,Maryland,Away,L,4,11,NA,4,1,5,31,16,24,16,6,4,18,11,8,19,47,27,38,16,8,14,18,11,16,4,12
2024-02-17,Loyola Maryland,Johns Hopkins,Away,L,7,13,NA,7,6,13,26,18,27,20,5,11,24,13,6,19,45,30,35,14,12,13,24,13,17,7,11
2024-02-24,Loyola Maryland,Rutgers,Home,W,5,13,NA,5,1,6,37,20,23,12,8,7,22,13,6,19,46,27,28,11,4,15,22,13,14,5,15
2024-02-27,Loyola Maryland,Towson,Home,W,11,10,1,11,7,18,46,25,30,12,6,10,23,10,5,15,48,28,37,13,5,13,23,10,18,11,14
2024-03-02,Loyola Maryland,Colgate,Away,W,11,14,NA,11,6,17,47,31,22,11,8,12,29,14,7,21,38,24,30,19,1,17,29,14,10,11,20
2024-03-09,Loyola Maryland,Duke,Home,L,10,16,NA,10,4,14,25,16,28,18,6,10,30,16,9,25,41,29,36,16,12,20,30,16,13,10,6
2024-03-16,Loyola Maryland,Boston U.,Home,L,10,12,NA,10,7,17,46,32,35,15,10,15,25,12,8,20,46,30,31,17,9,10,25,12,18,10,22
2024-03-23,Loyola Maryland,Lafayette,Away,L,18,10,NA,18,13,31,41,25,26,14,8,16,31,10,9,19,34,22,27,13,4,15,31,10,12,18,7
2024-03-29,Loyola Maryland,Lehigh,Home,W,12,10,NA,12,4,16,39,21,34,13,11,7,26,10,6,16,33,18,40,24,7,19,26,10,8,12,9
2024-04-06,Loyola Maryland,Bucknell,Home,W,15,13,NA,15,7,22,38,24,29,11,9,12,31,13,4,17,38,21,34,13,8,19,31,13,8,15,9
2024-04-13,Loyola Maryland,Holy Cross,Away,W,15,6,NA,15,12,27,39,27,31,13,5,11,25,6,3,9,40,19,26,9,6,14,25,6,13,15,12
2024-04-19,Loyola Maryland,Navy,Away,L,12,10,NA,12,8,20,41,24,39,17,5,12,26,10,3,13,45,22,30,17,8,14,26,10,12,12,12
2024-04-26,Loyola Maryland,Army West Point,Home,L,11,13,NA,11,6,17,37,25,33,14,10,10,28,13,4,17,43,28,36,18,5,18,28,13,15,11,14
2024-04-30,Loyola Maryland,Navy,Away,W,10,12,NA,10,5,15,40,28,32,12,16,8,26,12,8,20,34,27,37,23,5,18,26,12,15,10,18
2024-02-09,Manhattan,Syracuse,Away,L,3,16,NA,3,2,5,30,14,27,17,7,4,23,16,13,29,47,28,44,14,8,19,23,16,12,3,11
2024-02-17,Manhattan,Vermont,Home,W,9,12,NA,9,6,15,29,21,20,15,5,7,24,12,7,19,38,21,28,13,8,17,24,12,9,9,12
2024-02-20,Manhattan,Princeton,Away,L,6,15,NA,6,0,6,29,14,36,21,9,10,25,15,9,24,46,31,35,15,8,15,25,15,16,6,8
2024-02-24,Manhattan,NJIT,Away,W,10,11,NA,10,4,14,30,20,27,18,7,9,25,11,5,16,39,28,35,18,13,16,25,11,17,10,10
2024-03-02,Manhattan,Bryant,Home,W,7,12,NA,7,4,11,31,14,30,17,12,6,23,12,8,20,38,28,37,20,7,17,23,12,16,7,7
2024-03-10,Manhattan,Mount St. Mary's,Home,L,12,6,NA,12,6,18,37,25,30,17,8,13,22,6,5,11,36,17,30,12,10,9,22,6,11,12,13
2024-03-16,Manhattan,Sacred Heart,Away,W,12,14,NA,12,7,19,38,26,25,11,7,14,30,14,7,21,47,30,31,11,1,16,30,14,16,12,14
2024-03-23,Manhattan,Canisius,Away,W,12,5,NA,12,4,16,32,19,20,13,8,4,20,5,1,6,36,22,45,18,5,16,20,5,17,12,7
2024-03-27,Manhattan,Quinnipiac,Home,W,15,12,NA,15,6,21,39,27,25,9,6,15,30,12,4,16,45,24,43,13,4,15,30,12,12,15,12
2024-03-30,Manhattan,Marist,Away,L,11,10,NA,11,7,18,41,21,20,10,6,7,25,10,6,16,41,27,39,10,5,18,25,10,17,11,10
2024-04-06,Manhattan,VMI,Home,W,9,8,NA,9,7,16,38,18,24,15,6,9,21,8,5,13,34,18,31,13,9,12,21,8,10,9,9
2024-04-10,Manhattan,LIU,Away,W,12,13,NA,12,8,20,34,21,28,17,4,16,29,13,8,21,44,26,29,8,11,13,29,13,13,12,9
2024-04-13,Manhattan,Siena,Away,W,10,11,NA,10,4,14,36,22,29,16,8,9,24,11,7,18,40,22,20,12,10,15,24,11,11,10,12
2024-04-20,Manhattan,Wagner,Home,L,10,5,NA,10,6,16,40,20,22,10,5,11,18,5,2,7,35,17,25,14,3,7,18,5,12,10,10
2024-04-27,Manhattan,Quinnipiac,Home,W,14,13,NA,14,9,23,46,25,31,9,3,22,30,13,9,22,34,24,33,8,5,8,30,13,11,14,11
2024-05-02,Manhattan,LIU,Home,W,8,7,NA,8,5,13,40,16,23,12,4,12,18,7,4,11,32,15,14,13,8,6,18,7,8,8,8
2024-05-04,Manhattan,Sacred Heart,Home,W,5,11,NA,5,3,8,37,20,24,13,8,11,20,11,10,21,28,20,34,15,9,9,20,11,9,5,15
2024-02-10,Marist,Bucknell,Home,W,17,10,NA,17,9,26,43,26,38,16,11,16,30,10,1,11,47,28,39,15,10,14,30,10,18,17,9
2024-02-17,Marist,Jacksonville,Home,W,9,8,1,9,3,12,54,24,35,15,12,7,21,8,3,11,45,24,43,21,7,14,21,8,16,9,15
2024-02-20,Marist,Massachusetts,Away,W,11,18,NA,11,2,13,38,18,34,19,7,16,31,18,9,27,44,29,35,14,11,15,31,18,11,11,7
2024-02-24,Marist,Hofstra,Away,L,12,10,NA,12,6,18,40,21,19,14,4,7,25,10,7,17,55,23,28,16,8,18,25,10,13,12,9
2024-03-02,Marist,Bellarmine,Away,W,10,11,NA,10,6,16,56,29,28,18,14,13,24,11,5,16,43,24,23,20,10,11,24,11,13,10,19
2024-03-09,Marist,Wagner,Away,W,8,9,NA,8,6,14,45,22,19,11,8,7,20,9,6,15,25,16,21,18,6,13,20,9,7,8,14
2024-03-16,Marist,Canisius,Home,W,20,16,NA,20,16,36,52,33,35,6,4,20,37,16,10,26,50,28,35,10,4,17,37,16,12,20,13
2024-03-23,Marist,Quinnipiac,Home,L,10,13,NA,10,4,14,41,21,39,17,11,15,27,13,6,19,32,23,38,20,10,12,27,13,10,10,11
2024-03-27,Marist,Sacred Heart,Away,L,7,12,NA,7,2,9,32,15,23,17,2,13,21,12,8,20,50,26,31,15,6,8,21,12,14,7,8
2024-03-30,Marist,Manhattan,Home,L,10,11,NA,10,6,16,41,27,39,10,5,18,25,11,7,18,41,21,20,10,6,7,25,11,10,10,17
2024-04-06,Marist,Mount St. Mary's,Away,L,11,10,NA,11,3,14,38,20,40,20,12,12,25,10,9,19,33,20,36,18,12,13,25,10,10,11,9
2024-04-10,Marist,Siena,Home,W,14,13,NA,14,5,19,55,23,35,8,6,14,31,13,7,20,51,28,37,11,5,17,31,13,15,14,9
2024-04-13,Marist,LIU,Home,L,15,8,NA,15,9,24,41,27,40,15,5,10,26,8,6,14,46,25,43,12,10,16,26,8,17,15,12
2024-04-20,Marist,VMI,Away,L,14,10,NA,14,8,22,41,31,25,17,5,14,28,10,5,15,40,25,27,14,10,14,28,10,15,14,17
2024-04-27,Marist,Siena,Home,W,9,12,NA,9,5,14,40,21,41,11,6,12,24,12,5,17,38,21,30,12,3,12,24,12,9,9,12
2024-02-03,Marquette,Air Force,Away,W,12,6,NA,12,5,17,40,23,28,16,8,16,22,6,6,12,36,18,31,16,13,6,22,6,12,12,11
2024-02-09,Marquette,Lindenwood,Home,L,16,5,NA,16,9,25,50,30,24,16,6,14,25,5,1,6,35,16,21,21,4,11,25,5,11,16,14
2024-02-13,Marquette,Detroit Mercy,Home,L,22,8,NA,22,12,34,47,33,28,16,7,23,34,8,3,11,36,20,21,17,5,11,34,8,12,22,11
2024-02-18,Marquette,Notre Dame,Home,W,8,21,NA,8,6,14,32,17,25,18,4,16,31,21,11,32,47,27,32,10,7,15,31,21,6,8,9
2024-02-24,Marquette,"Michigan Naples, Fla.",Away,W,12,20,NA,12,8,20,38,22,26,16,3,12,35,20,14,34,50,33,35,11,7,23,35,20,13,12,10
2024-03-02,Marquette,Utah,Home,L,8,9,NA,8,2,10,37,18,31,19,9,14,21,9,4,13,41,21,33,13,8,7,21,9,12,8,10
2024-03-09,Marquette,Bellarmine,Away,L,5,11,NA,5,4,9,40,22,29,13,16,10,19,11,8,19,31,18,26,18,10,9,19,11,7,5,17
2024-03-16,Marquette,"Penn St. Springfield, Pa.",Away,L,7,13,NA,7,4,11,38,19,18,14,6,11,24,13,8,21,52,31,32,12,4,13,24,13,18,7,12
2024-03-23,Marquette,St. Bonaventure,Away,L,8,3,NA,8,5,13,34,20,32,19,11,11,14,3,2,5,29,14,16,16,8,3,14,3,11,8,12
2024-03-30,Marquette,St. John's (NY),Away,L,9,13,NA,9,6,15,46,22,27,17,7,14,25,13,7,20,32,23,32,13,10,11,25,13,10,9,13
2024-04-06,Marquette,Georgetown,Away,L,8,11,NA,8,4,12,37,22,25,15,2,19,22,11,6,17,33,21,28,8,9,3,22,11,10,8,14
2024-04-13,Marquette,Providence,Home,L,10,13,NA,10,8,18,34,21,32,17,4,18,27,13,7,20,38,25,32,11,10,9,27,13,12,10,11
2024-04-20,Marquette,Villanova,Home,W,6,12,NA,6,2,8,30,12,26,20,9,10,20,12,7,19,37,25,38,15,9,10,20,12,13,6,6
2024-04-26,Marquette,Denver,Away,L,9,15,NA,9,3,12,32,16,25,17,7,12,28,15,9,24,33,22,33,13,10,16,28,15,7,9,7
2024-02-03,Maryland,Richmond,Away,L,12,11,2,12,7,19,36,22,27,17,8,17,29,11,6,17,36,24,26,16,6,12,29,11,13,12,10
2024-02-10,Maryland,Loyola Maryland,Home,L,11,4,NA,11,8,19,47,27,38,16,8,14,18,4,1,5,31,16,24,16,6,4,18,4,12,11,16
2024-02-17,Maryland,Syracuse,Away,L,13,12,1,13,7,20,29,22,30,16,6,16,29,12,4,16,48,26,28,10,7,13,29,12,14,13,9
2024-02-24,Maryland,Princeton,Home,L,13,7,NA,13,7,20,45,33,35,13,7,21,24,7,5,12,29,17,16,13,4,3,24,7,10,13,20
2024-03-03,Maryland,Notre Dame,Away,L,9,14,NA,9,7,16,36,23,23,16,9,13,26,14,10,24,43,23,33,18,11,13,26,14,9,9,14
2024-03-09,Maryland,Brown,Home,W,14,13,1,14,9,23,41,22,33,14,8,13,30,13,3,16,33,23,28,12,5,17,30,13,10,14,8
2024-03-16,Maryland,Virginia,Home,L,10,14,NA,10,5,15,35,21,25,17,7,16,28,14,7,21,31,22,37,12,12,12,28,14,8,10,11
2024-03-23,Maryland,Michigan,Away,W,11,12,NA,11,8,19,32,20,27,17,9,10,27,12,8,20,36,23,32,16,9,17,27,12,11,11,9
2024-03-31,Maryland,Penn St.,Away,L,13,11,NA,13,9,22,48,29,31,12,6,17,28,11,4,15,33,20,22,17,7,11,28,11,9,13,16
2024-04-06,Maryland,Ohio St.,Home,W,8,7,NA,8,4,12,35,19,26,19,8,13,18,7,3,10,23,17,17,17,8,5,18,7,10,8,11
2024-04-13,Maryland,Rutgers,Home,L,11,6,NA,11,7,18,30,25,32,15,6,11,21,6,4,10,36,21,25,13,6,10,21,6,15,11,14
2024-04-20,Maryland,Johns Hopkins,Away,W,5,7,NA,5,5,10,34,17,26,19,2,9,15,7,3,10,30,17,19,15,7,6,15,7,10,5,12
2024-05-02,Maryland,"Penn St. Columbus, Ohio",Away,L,9,19,NA,9,5,14,40,20,36,11,4,20,31,19,7,26,47,27,33,10,6,11,31,19,8,9,11
2024-05-11,Maryland,Princeton,Home,L,16,8,NA,16,8,24,37,25,30,19,9,21,28,8,4,12,31,19,24,19,12,7,28,8,11,16,9
2024-05-18,Maryland,"Duke Hempstead, New York",Away,L,14,11,NA,14,6,20,39,22,36,18,2,20,29,11,7,18,28,22,22,10,10,9,29,11,11,14,8
2024-05-25,Maryland,"Virginia Philadelphia, PA",Away,W,12,6,NA,12,9,21,37,17,38,18,11,15,22,6,3,9,39,15,29,15,10,7,22,6,9,12,5
2024-05-27,Maryland,"Notre Dame Philadelphia, Pa.",Away,L,5,15,NA,5,5,10,35,21,33,16,5,17,24,15,10,25,42,25,30,10,11,7,24,15,10,5,16
2024-02-10,Massachusetts,"Army West Point Atlanta, GA",Away,W,12,13,NA,12,5,17,40,21,19,12,6,8,29,13,7,20,42,29,37,16,2,21,29,13,16,12,9
2024-02-17,Massachusetts,UMass Lowell,Home,L,10,7,NA,10,5,15,40,23,32,15,10,15,21,7,3,10,38,17,26,18,6,6,21,7,10,10,13
2024-02-20,Massachusetts,Marist,Home,W,18,11,NA,18,9,27,44,29,35,14,11,15,31,11,2,13,38,18,34,19,7,16,31,11,7,18,11
2024-02-24,Massachusetts,Merrimack,Home,L,17,6,NA,17,9,26,37,28,35,19,9,18,27,6,2,8,41,18,36,14,9,9,27,6,12,17,11
2024-03-02,Massachusetts,UAlbany,Home,W,12,11,NA,12,6,18,34,22,30,14,4,13,27,11,5,16,42,18,36,15,6,14,27,11,7,12,10
2024-03-09,Massachusetts,Vermont,Home,L,12,13,NA,12,6,18,30,22,34,16,7,10,28,13,11,24,45,32,34,16,9,18,28,13,19,12,10
2024-03-16,Massachusetts,Rutgers,Away,L,9,10,NA,9,7,16,39,28,25,10,4,9,23,10,5,15,50,26,32,10,7,14,23,10,16,9,19
2024-03-22,Massachusetts,Brown,Away,W,10,11,NA,10,6,16,38,26,31,16,5,11,23,11,8,19,39,24,31,14,12,12,23,11,13,10,16
2024-03-30,Massachusetts,Hobart,Away,L,13,12,NA,13,2,15,38,26,30,13,5,14,30,12,8,20,54,30,38,12,9,16,30,12,18,13,13
2024-04-06,Massachusetts,Saint Joseph's,Home,W,7,12,NA,7,3,10,28,17,24,11,8,8,21,12,8,20,44,22,32,16,7,13,21,12,10,7,10
2024-04-13,Massachusetts,St. Bonaventure,Away,W,15,3,NA,15,6,21,46,33,37,11,15,15,22,3,2,5,28,15,17,21,5,7,22,3,12,15,18
2024-04-20,Massachusetts,Richmond,Home,L,12,14,NA,12,10,22,40,25,32,14,8,14,29,14,7,21,39,26,38,15,9,15,29,14,12,12,13
2024-04-26,Massachusetts,High Point,Away,W,10,17,NA,10,4,14,38,21,29,13,6,14,31,17,13,30,41,31,34,13,9,17,31,17,14,10,11
2024-05-02,Massachusetts,Saint Joseph's,Home,W,9,11,NA,9,5,14,34,20,39,23,9,11,23,11,6,17,48,30,38,18,14,12,23,11,19,9,11
2024-02-03,Mercer,High Point,Away,L,7,14,NA,7,5,12,34,16,27,20,5,12,24,14,8,22,57,30,47,15,14,12,24,14,16,7,9
2024-02-04,Mercer,Hampton,Home,L,20,5,NA,20,9,29,52,31,52,23,5,20,27,5,2,7,35,17,26,22,2,7,27,5,12,20,11
2024-02-10,Mercer,"North Carolina Atlanta, Ga.",Away,L,5,13,NA,5,4,9,41,18,18,18,3,4,21,13,10,23,56,37,22,16,9,17,21,13,24,5,13
2024-02-24,Mercer,Army West Point,Away,L,7,15,NA,7,3,10,38,19,26,22,2,13,25,15,7,22,43,31,37,15,5,12,25,15,16,7,12
2024-03-10,Mercer,Le Moyne,Home,W,6,10,NA,6,3,9,30,18,27,17,4,9,18,10,5,15,40,22,28,16,9,9,18,10,12,6,12
2024-03-16,Mercer,Detroit Mercy,Away,L,17,11,NA,17,9,26,54,36,54,15,14,24,32,11,3,14,38,25,34,21,12,8,32,11,14,17,19
2024-03-20,Mercer,Bellarmine,Home,W,9,17,NA,9,8,17,43,22,28,22,10,15,29,17,5,22,54,31,26,22,7,14,29,17,14,9,13
2024-03-23,Mercer,Jacksonville,Home,L,7,8,NA,7,4,11,40,19,23,12,7,9,19,8,7,15,32,18,24,15,2,10,19,8,10,7,12
2024-03-30,Mercer,Robert Morris,Away,L,7,15,NA,7,5,12,31,18,20,19,8,7,25,15,9,24,46,31,36,16,9,18,25,15,16,7,11
2024-04-06,Mercer,Cleveland St.,Away,L,9,16,NA,9,7,16,36,21,38,19,11,12,27,16,10,26,37,28,37,18,9,15,27,16,12,9,12
2024-04-12,Mercer,Utah,Home,W,9,20,NA,9,6,15,45,23,34,14,5,16,33,20,8,28,54,37,29,9,8,17,33,20,17,9,14
2024-04-17,Mercer,Air Force,Away,L,5,20,NA,5,2,7,16,8,29,32,6,15,29,20,12,32,55,32,42,17,14,14,29,20,12,5,3
2024-04-20,Mercer,Queens (NC),Away,W,10,9,3,10,2,12,70,28,41,20,13,18,24,9,7,16,39,21,24,22,9,6,24,9,12,10,18
2024-04-27,Mercer,Lindenwood,Home,W,13,11,NA,13,6,19,62,32,39,12,9,14,27,11,6,17,36,26,24,17,5,13,27,11,15,13,19
2024-02-03,Merrimack,Bucknell,Home,W,14,10,NA,14,9,23,41,25,30,16,21,12,27,10,7,17,32,20,29,21,15,15,27,10,10,14,11
2024-02-10,Merrimack,Sacred Heart,Home,W,11,10,NA,11,5,16,37,25,23,13,9,10,24,10,7,17,51,26,31,18,4,14,24,10,16,11,14
2024-02-17,Merrimack,LIU,Away,L,8,10,NA,8,3,11,44,15,23,18,8,7,22,10,6,16,34,21,33,21,11,15,22,10,11,8,7
2024-02-24,Merrimack,Massachusetts,Away,L,6,17,NA,6,2,8,41,18,36,14,9,9,27,17,9,26,37,28,35,19,9,18,27,17,11,6,12
2024-02-27,Merrimack,Harvard,Away,L,8,23,NA,8,7,15,31,15,24,27,6,16,33,23,14,37,55,36,53,20,14,17,33,23,13,8,7
2024-03-02,Merrimack,Quinnipiac,Home,L,12,15,NA,12,7,19,47,27,34,18,5,15,31,15,9,24,49,31,33,16,6,16,31,15,16,12,15
2024-03-05,Merrimack,Providence,Away,W,10,17,NA,10,6,16,39,26,26,10,6,9,31,17,13,30,47,30,35,15,4,22,31,17,13,10,16
2024-03-16,Merrimack,Binghamton,Away,W,10,9,1,10,4,14,44,26,29,16,7,11,22,9,4,13,45,23,22,19,7,11,22,9,14,10,16
2024-03-23,Merrimack,UMBC,Home,W,9,15,NA,9,4,13,27,17,28,15,8,6,27,15,11,26,45,27,40,19,5,21,27,15,12,9,8
2024-03-30,Merrimack,Vermont,Away,L,8,20,NA,8,4,12,32,22,24,23,7,9,33,20,15,35,58,38,57,14,13,24,33,20,18,8,14
2024-04-06,Merrimack,NJIT,Away,L,15,14,NA,15,9,24,45,27,30,16,9,11,32,14,10,24,38,26,38,17,12,21,32,14,12,15,12
2024-04-12,Merrimack,UMass Lowell,Home,L,14,9,NA,14,7,21,46,31,34,20,12,12,27,9,5,14,44,22,37,24,10,15,27,9,13,14,17
2024-04-21,Merrimack,UAlbany,Home,W,8,14,NA,8,7,15,37,17,16,18,8,5,25,14,7,21,43,24,32,21,4,20,25,14,10,8,9
2024-04-27,Merrimack,Bryant,Away,L,16,14,NA,16,10,26,41,26,28,18,4,14,33,14,6,20,57,34,36,9,14,19,33,14,20,16,10
2024-05-02,Merrimack,UAlbany,Away,L,7,18,NA,7,2,9,45,21,24,13,8,6,26,18,11,29,46,28,41,17,3,20,26,18,10,7,14
2024-02-10,Michigan,Virginia,Away,W,11,19,NA,11,8,19,34,26,31,16,10,11,32,19,11,30,54,30,44,14,12,21,32,19,11,11,15
2024-02-13,Michigan,Canisius,Home,L,21,5,NA,21,17,38,49,32,40,14,12,21,30,5,3,8,23,11,15,16,2,9,30,5,6,21,11
2024-02-17,Michigan,Hobart,Home,L,18,8,NA,18,10,28,48,28,37,13,17,14,28,8,2,10,37,21,18,21,4,14,28,8,13,18,10
2024-02-24,Michigan,"Marquette Naples, Fla.",Away,L,20,12,NA,20,14,34,50,33,35,11,7,23,35,12,8,20,38,22,26,16,3,12,35,12,10,20,13
2024-02-27,Michigan,Jacksonville,Away,L,13,10,NA,13,4,17,46,27,33,17,4,20,26,10,4,14,34,25,27,13,13,6,26,10,15,13,14
2024-03-02,Michigan,Delaware,Away,W,13,8,NA,13,6,19,31,22,32,22,14,16,25,8,5,13,36,20,25,20,9,9,25,8,12,13,9
2024-03-10,Michigan,Harvard,Home,L,11,13,NA,11,6,17,55,20,29,13,7,17,25,13,6,19,39,24,21,11,6,8,25,13,11,11,9
2024-03-16,Michigan,Notre Dame,Away,L,9,19,NA,9,7,16,42,26,30,18,7,15,32,19,12,31,42,29,38,15,10,17,32,19,10,9,17
2024-03-23,Michigan,Maryland,Home,W,12,11,NA,12,8,20,36,23,32,16,9,17,27,11,8,19,32,20,27,17,9,10,27,11,9,12,11
2024-03-30,Michigan,Johns Hopkins,Away,W,11,15,NA,11,10,21,34,26,26,17,5,18,29,15,10,25,43,27,24,13,13,11,29,15,12,11,15
2024-04-07,Michigan,Rutgers,Home,L,7,9,NA,7,6,13,46,26,25,8,14,11,20,9,5,14,40,21,22,16,3,9,20,9,12,7,19
2024-04-13,Michigan,Penn St.,Away,L,8,14,NA,8,2,10,54,27,22,15,8,17,25,14,9,23,43,25,20,19,6,8,25,14,11,8,19
2024-04-20,Michigan,Ohio St.,Away,L,13,12,NA,13,4,17,36,23,42,21,8,18,29,12,7,19,39,23,41,15,14,11,29,12,11,13,10
2024-04-27,Michigan,Ohio St.,Home,L,15,9,NA,15,5,20,48,25,27,11,7,14,28,9,5,14,35,21,29,12,6,14,28,9,12,15,10
2024-05-02,Michigan,"Johns Hopkins Columbus, Ohio",Away,W,10,7,NA,10,5,15,48,23,25,8,9,6,20,7,5,12,25,15,27,17,5,14,20,7,8,10,13
2024-05-04,Michigan,"Penn St. Columbus, Ohio",Away,W,16,4,NA,16,11,27,33,22,37,25,9,19,24,4,3,7,36,16,26,18,10,5,24,4,12,16,6
2024-05-11,Michigan,Denver,Away,W,11,16,NA,11,7,18,41,21,23,13,4,17,31,16,12,28,41,24,31,13,9,14,31,16,8,11,10
2024-02-10,Monmouth,LIU,Home,W,14,10,NA,14,6,20,45,26,34,18,15,18,28,10,7,17,34,26,28,19,12,10,28,10,16,14,12
2024-02-18,Monmouth,Princeton,Away,L,5,15,NA,5,3,8,29,19,32,19,7,11,24,15,8,23,49,35,38,13,14,13,24,15,20,5,14
2024-02-21,Monmouth,NJIT,Away,W,13,14,1,13,5,18,43,26,30,14,9,14,31,14,10,24,35,21,25,16,7,17,31,14,7,13,13
2024-02-27,Monmouth,Wagner,Home,L,12,6,NA,12,10,22,38,24,32,13,6,13,21,6,4,10,23,15,17,18,5,8,21,6,9,12,12
2024-03-02,Monmouth,Mount St. Mary's,Home,W,13,12,2,13,9,22,41,23,29,18,8,13,29,12,7,19,30,23,33,18,14,16,29,12,11,13,10
2024-03-09,Monmouth,Delaware,Home,W,7,16,NA,7,2,9,27,16,26,11,6,6,27,16,8,24,45,23,47,17,10,21,27,16,7,7,9
2024-03-16,Monmouth,Villanova,Away,W,11,12,NA,11,8,19,31,19,19,18,6,7,26,12,6,18,32,22,31,18,9,19,26,12,10,11,8
2024-03-23,Monmouth,Stony Brook,Away,W,11,6,NA,11,3,14,29,15,30,15,6,10,20,6,3,9,45,25,29,12,7,10,20,6,19,11,4
2024-03-30,Monmouth,Hofstra,Away,W,7,8,1,7,3,10,31,17,33,16,3,13,19,8,7,15,43,26,33,13,6,6,19,8,18,7,10
2024-04-06,Monmouth,Hampton,Home,L,15,4,NA,15,7,22,50,26,32,13,4,14,23,4,1,5,26,13,26,20,1,9,23,4,9,15,11
2024-04-13,Monmouth,Fairfield,Home,L,10,11,NA,10,6,16,45,22,33,20,8,15,25,11,5,16,32,19,32,20,8,10,25,11,8,10,12
2024-04-20,Monmouth,Towson,Away,L,2,17,NA,2,1,3,23,12,26,27,6,8,23,17,11,28,51,34,47,14,17,15,23,17,17,2,10
2024-04-26,Monmouth,Drexel,Home,L,4,6,NA,4,2,6,33,17,20,18,8,5,14,6,5,11,41,20,28,19,7,9,14,6,14,4,13
2024-02-03,Mount St. Mary's,Navy,Away,L,6,19,NA,6,3,9,39,14,19,15,3,10,28,19,6,25,52,31,42,12,7,18,28,19,12,6,8
2024-02-10,Mount St. Mary's,Towson,Away,L,5,15,NA,5,5,10,25,13,31,20,5,6,23,15,9,24,53,28,44,15,11,17,23,15,13,5,8
2024-02-18,Mount St. Mary's,NJIT,Home,W,7,11,NA,7,4,11,34,18,41,18,14,8,23,11,6,17,54,29,47,21,10,15,23,11,18,7,11
2024-02-24,Mount St. Mary's,UMBC,Home,W,6,18,NA,6,5,11,27,14,30,14,6,10,27,18,13,31,51,28,30,12,9,17,27,18,10,6,8
2024-03-02,Mount St. Mary's,Monmouth,Away,W,12,13,2,12,7,19,30,23,33,18,14,16,29,13,9,22,41,23,29,18,8,13,29,13,10,12,11
2024-03-05,Mount St. Mary's,Binghamton,Home,L,12,13,1,12,5,17,42,23,36,14,9,7,28,13,5,18,43,25,41,16,8,21,28,13,12,12,11
2024-03-10,Mount St. Mary's,Manhattan,Away,L,6,12,NA,6,5,11,36,17,30,12,10,9,22,12,6,18,37,25,30,17,8,13,22,12,13,6,11
2024-03-16,Mount St. Mary's,LIU,Away,L,6,13,NA,6,4,10,23,12,30,25,10,8,22,13,7,20,51,29,39,20,14,14,22,13,16,6,6
2024-03-23,Mount St. Mary's,Wagner,Home,W,8,7,NA,8,5,13,27,18,26,16,8,10,19,7,4,11,34,18,25,14,9,9,19,7,11,8,10
2024-03-27,Mount St. Mary's,VMI,Home,W,8,12,NA,8,6,14,34,16,48,21,10,11,23,12,7,19,35,23,35,19,9,12,23,12,11,8,8
2024-03-30,Mount St. Mary's,Quinnipiac,Away,W,10,15,NA,10,4,14,35,23,20,12,7,13,29,15,4,19,42,27,24,12,4,16,29,15,12,10,13
2024-04-06,Mount St. Mary's,Marist,Home,L,10,11,NA,10,9,19,33,20,36,18,12,13,25,11,3,14,38,20,40,20,12,12,25,11,9,10,10
2024-04-10,Mount St. Mary's,Canisius,Away,W,10,11,NA,10,5,15,47,22,31,22,3,12,24,11,4,15,36,26,41,21,8,12,24,11,15,10,12
2024-04-13,Mount St. Mary's,Sacred Heart,Home,W,5,16,NA,5,2,7,41,14,29,15,6,12,24,16,10,26,45,23,28,14,8,12,24,16,7,5,9
2024-04-20,Mount St. Mary's,Siena,Home,W,7,14,NA,7,4,11,43,20,44,22,6,18,25,14,13,27,42,25,26,14,9,7,25,14,11,7,13
2024-02-03,NJIT,St. John's (NY),Away,W,10,8,NA,10,4,14,38,20,28,26,3,13,21,8,4,12,44,28,23,13,13,8,21,8,20,10,10
2024-02-10,NJIT,Siena,Home,W,16,15,1,16,12,28,42,26,33,29,14,23,33,15,8,23,47,32,22,17,10,10,33,15,17,16,10
2024-02-18,NJIT,Mount St. Mary's,Away,W,11,7,NA,11,6,17,54,29,47,21,10,15,23,7,4,11,34,18,41,18,14,8,23,7,11,11,18
2024-02-21,NJIT,Monmouth,Home,W,14,13,1,14,10,24,35,21,25,16,7,17,31,13,5,18,43,26,30,14,9,14,31,13,13,14,7
2024-02-24,NJIT,Manhattan,Home,W,11,10,NA,11,5,16,39,28,35,18,13,16,25,10,4,14,30,20,27,18,7,9,25,10,10,11,17
2024-03-02,NJIT,Wagner,Away,W,15,5,NA,15,10,25,42,25,28,18,14,12,22,5,3,8,27,18,24,23,10,10,22,5,13,15,10
2024-03-09,NJIT,Lindenwood,Home,L,18,5,NA,18,13,31,47,28,39,14,9,15,27,5,3,8,31,19,29,19,7,12,27,5,14,18,10
2024-03-16,NJIT,Vermont,Away,L,9,12,NA,9,6,15,27,17,24,18,4,12,23,12,5,17,26,18,29,14,8,11,23,12,6,9,8
2024-03-23,NJIT,Binghamton,Home,L,12,17,NA,12,8,20,42,27,30,19,2,23,33,17,8,25,35,25,29,13,7,10,33,17,8,12,15
2024-03-30,NJIT,Bryant,Away,L,8,12,NA,8,6,14,24,17,35,22,13,8,22,12,5,17,32,21,40,22,13,14,22,12,9,8,9
2024-04-06,NJIT,Merrimack,Home,L,14,15,NA,14,10,24,38,26,38,17,12,21,32,15,9,24,45,27,30,16,9,11,32,15,12,14,12
2024-04-13,NJIT,UAlbany,Home,W,9,14,NA,9,5,14,40,17,21,21,5,12,27,14,7,21,42,29,31,12,10,15,27,14,15,9,8
2024-04-20,NJIT,UMBC,Away,L,6,13,NA,6,3,9,33,21,27,29,5,13,22,13,6,19,55,37,33,14,13,9,22,13,24,6,15
2024-04-27,NJIT,UMass Lowell,Home,L,12,4,NA,12,8,20,44,28,24,11,7,12,19,4,3,7,36,18,27,19,5,7,19,4,14,12,16
2024-02-03,Navy,Mount St. Mary's,Home,L,19,6,NA,19,6,25,52,31,42,12,7,18,28,6,3,9,39,14,19,15,3,10,28,6,8,19,12
2024-02-10,Navy,Hofstra,Home,L,16,8,NA,16,9,25,43,24,28,16,5,17,26,8,6,14,31,22,27,15,7,9,26,8,14,16,8
2024-02-17,Navy,Towson,Away,L,5,17,NA,5,3,8,38,16,23,19,9,12,26,17,11,28,41,27,34,18,11,14,26,17,10,5,11
2024-02-24,Navy,Penn St.,Home,W,3,13,NA,3,2,5,35,18,41,19,6,11,20,13,8,21,45,27,31,15,8,9,20,13,14,3,15
2024-03-02,Navy,Boston U.,Away,W,16,9,NA,16,11,27,49,30,42,15,11,20,29,9,5,14,40,23,34,17,10,9,29,9,14,16,14
2024-03-09,Navy,Lehigh,Away,W,10,12,NA,10,4,14,40,26,26,15,4,13,25,12,0,12,33,22,25,13,7,12,25,12,10,10,16
2024-03-15,Navy,Johns Hopkins,Away,W,10,9,1,10,7,17,33,19,30,17,6,13,23,9,5,14,39,21,30,14,9,10,23,9,12,10,9
2024-03-19,Navy,Villanova,Home,W,7,14,NA,7,5,12,37,23,39,19,10,9,24,14,7,21,44,29,45,21,12,15,24,14,15,7,16
2024-03-23,Navy,Holy Cross,Home,L,17,7,NA,17,10,27,38,25,39,26,6,18,28,7,5,12,33,18,33,21,7,10,28,7,11,17,8
2024-03-30,Navy,Colgate,Home,L,10,9,NA,10,8,18,39,23,32,20,8,13,22,9,5,14,48,24,37,23,11,9,22,9,15,10,13
2024-04-06,Navy,Lafayette,Away,W,10,9,NA,10,6,16,48,21,33,13,7,11,23,9,3,12,38,19,26,13,10,12,23,9,10,10,11
2024-04-13,Navy,Army West Point,Away,L,8,13,NA,8,3,11,46,27,29,13,4,12,25,13,8,21,44,27,33,16,5,13,25,13,14,8,19
2024-04-19,Navy,Loyola Maryland,Home,L,10,12,NA,10,3,13,45,22,30,17,8,14,26,12,8,20,41,24,39,17,5,12,26,12,12,10,12
2024-04-26,Navy,Bucknell,Home,W,13,12,1,13,10,23,47,25,33,16,6,20,28,12,4,16,33,26,32,12,10,8,28,12,14,13,12
2024-04-30,Navy,Loyola Maryland,Home,W,12,10,NA,12,8,20,34,27,37,23,5,18,26,10,5,15,40,28,32,12,16,8,26,10,18,12,15
2024-05-03,Navy,"Lehigh West Point, N.Y.",Away,L,8,12,NA,8,7,15,28,18,26,16,6,11,24,12,7,19,31,19,29,15,10,13,24,12,7,8,10
2024-02-10,North Carolina,"Mercer Atlanta, Ga.",Away,W,13,5,NA,13,10,23,56,37,22,16,9,17,21,5,4,9,41,18,18,18,3,4,21,5,13,13,24
2024-02-17,North Carolina,"Fairfield Bethesda, Md.",Away,W,19,8,NA,19,11,30,56,29,44,17,13,19,31,8,0,8,35,19,29,23,6,12,31,8,11,19,10
2024-02-24,North Carolina,Johns Hopkins,Home,W,9,13,NA,9,6,15,40,22,31,15,8,15,26,13,8,21,41,24,36,13,7,11,26,13,11,9,13
2024-03-01,North Carolina,Princeton,Home,W,9,15,NA,9,5,14,44,21,38,19,8,17,28,15,11,26,45,24,42,18,10,11,28,15,9,9,12
2024-03-03,North Carolina,Penn,Home,L,13,9,NA,13,7,20,45,25,37,10,7,18,26,9,3,12,30,19,27,12,3,8,26,9,10,13,12
2024-03-09,North Carolina,Hofstra,Away,W,21,9,NA,21,16,37,57,34,43,13,10,22,33,9,4,13,38,20,27,18,3,11,33,9,11,21,13
2024-03-12,North Carolina,Wagner,Away,W,18,4,NA,18,14,32,59,38,47,17,13,21,25,4,1,5,21,9,19,23,4,4,25,4,5,18,20
2024-03-16,North Carolina,Stony Brook,Away,W,12,8,NA,12,5,17,56,31,28,14,6,17,24,8,3,11,39,18,27,15,7,7,24,8,10,12,19
2024-03-23,North Carolina,High Point,Home,L,11,12,NA,11,5,16,38,22,27,13,8,11,27,12,6,18,39,20,31,19,3,16,27,12,8,11,11
2024-03-30,North Carolina,Army West Point,Home,L,12,13,NA,12,5,17,42,31,39,18,7,16,29,13,5,18,47,25,40,14,13,13,29,13,12,12,19
2024-04-06,North Carolina,Virginia,Away,L,6,14,NA,6,5,11,36,17,37,23,7,13,24,14,7,21,38,24,34,15,13,11,24,14,10,6,11
2024-04-13,North Carolina,Syracuse,Home,W,9,10,NA,9,5,14,33,22,35,20,8,11,23,10,9,19,40,27,37,15,10,12,23,10,17,9,13
2024-04-20,North Carolina,Notre Dame,Away,L,6,14,NA,6,3,9,37,19,29,17,8,12,23,14,9,23,36,22,27,14,10,11,23,14,8,6,13
2024-04-27,North Carolina,Duke,Home,W,15,12,NA,15,9,24,50,28,39,16,8,19,29,12,6,18,45,27,25,13,5,10,29,12,15,15,13
2024-02-14,Notre Dame,Cleveland St.,Home,L,25,3,NA,25,18,43,49,35,44,10,10,19,30,3,1,4,17,13,14,19,5,11,30,3,10,25,10
2024-02-18,Notre Dame,Marquette,Away,W,21,8,NA,21,11,32,47,27,32,10,7,15,31,8,6,14,32,17,25,18,4,16,31,8,9,21,6
2024-02-25,Notre Dame,Georgetown,Home,L,10,11,1,10,5,15,36,21,26,15,10,15,23,11,6,17,35,19,18,17,6,8,23,11,8,10,11
2024-03-03,Notre Dame,Maryland,Home,L,14,9,NA,14,10,24,43,23,33,18,11,13,26,9,7,16,36,23,23,16,9,13,26,9,14,14,9
2024-03-09,Notre Dame,Ohio St.,Away,L,13,10,NA,13,9,22,36,24,31,13,8,14,27,10,5,15,43,21,30,13,10,13,27,10,11,13,11
2024-03-16,Notre Dame,Michigan,Home,L,19,9,NA,19,12,31,42,29,38,15,10,17,32,9,7,16,42,26,30,18,7,15,32,9,17,19,10
2024-03-30,Notre Dame,Syracuse,Home,W,14,12,NA,14,5,19,54,29,39,17,13,20,29,12,7,19,41,20,23,20,10,9,29,12,8,14,15
2024-04-07,Notre Dame,Duke,Away,L,15,12,NA,15,7,22,46,25,25,13,9,16,31,12,6,18,53,26,34,16,6,15,31,12,14,15,10
2024-04-14,Notre Dame,"Cornell Brookvill, NY",Away,L,18,17,NA,18,8,26,50,32,39,11,6,20,38,17,12,29,45,30,40,12,6,18,38,17,13,18,14
2024-04-20,Notre Dame,North Carolina,Home,L,14,6,NA,14,9,23,36,22,27,14,10,11,23,6,3,9,37,19,29,17,8,12,23,6,13,14,8
2024-04-27,Notre Dame,Virginia,Away,W,11,9,NA,11,9,20,42,23,51,21,12,10,23,9,4,13,30,20,26,27,13,13,23,9,11,11,12
2024-05-03,Notre Dame,"Virginia Charlotte, NC",Away,W,18,9,NA,18,12,30,41,26,30,19,5,18,30,9,3,12,43,27,25,12,10,12,30,9,18,18,8
2024-05-05,Notre Dame,"Duke Charlotte, NC",Away,W,16,6,NA,16,9,25,36,23,28,11,4,16,25,6,5,11,29,18,17,11,3,9,25,6,12,16,7
2024-05-12,Notre Dame,UAlbany,Home,L,14,9,NA,14,11,25,34,24,35,16,9,18,27,9,5,14,31,17,22,18,6,9,27,9,8,14,10
2024-05-18,Notre Dame,"Georgetown Hempstead, New York",Away,L,16,11,NA,16,8,24,43,24,30,15,4,23,31,11,7,18,33,19,23,11,6,8,31,11,8,16,8
2024-05-25,Notre Dame,"Denver Philadelphia, Pa.",Away,W,13,6,NA,13,7,20,35,23,44,20,10,18,23,6,2,8,30,18,24,15,12,5,23,6,12,13,10
2024-05-27,Notre Dame,"Maryland Philadelphia, Pa.",Away,W,15,5,NA,15,10,25,42,25,30,10,11,7,24,5,5,10,35,21,33,16,5,17,24,5,16,15,10
2024-02-03,Ohio St.,Utah,Home,L,11,8,NA,11,2,13,40,18,36,22,12,14,23,8,2,10,36,18,30,17,12,9,23,8,10,11,7
2024-02-10,Ohio St.,Cleveland St.,Home,L,13,6,NA,13,6,19,54,25,42,16,5,17,23,6,2,8,33,21,23,14,7,6,23,6,15,13,12
2024-02-13,Ohio St.,Bellarmine,Home,L,10,6,NA,10,3,13,33,18,33,21,15,10,18,6,4,10,26,14,30,22,8,8,18,6,8,10,8
2024-02-17,Ohio St.,Air Force,Away,W,12,4,NA,12,4,16,36,19,29,17,10,12,20,4,4,8,26,13,17,16,8,8,20,4,9,12,7
2024-02-25,Ohio St.,Virginia,Away,L,8,14,NA,8,5,13,39,26,30,15,7,12,26,14,8,22,48,31,36,11,10,14,26,14,17,8,18
2024-03-02,Ohio St.,Cornell,Away,W,11,15,NA,11,6,17,41,24,30,21,8,18,30,15,7,22,39,26,32,13,8,12,30,15,11,11,13
2024-03-09,Ohio St.,Notre Dame,Home,L,10,13,NA,10,5,15,43,21,30,13,10,13,27,13,9,22,36,24,31,13,8,14,27,13,11,10,11
2024-03-12,Ohio St.,Detroit Mercy,Home,W,16,10,NA,16,6,22,52,31,52,13,8,22,28,10,4,14,24,15,28,16,9,6,28,10,5,16,15
2024-03-17,Ohio St.,Denver,Home,L,6,9,NA,6,4,10,34,19,30,17,11,6,19,9,4,13,35,19,24,18,5,13,19,9,10,6,13
2024-03-24,Ohio St.,Penn St.,Home,W,9,12,NA,9,6,15,40,17,35,13,6,15,25,12,5,17,37,24,30,13,6,10,25,12,12,9,8
2024-03-30,Ohio St.,Rutgers,Away,W,14,8,NA,14,8,22,44,26,41,14,7,14,26,8,6,14,34,20,24,15,5,12,26,8,12,14,12
2024-04-06,Ohio St.,Maryland,Away,W,7,8,NA,7,3,10,23,17,17,17,8,5,18,8,4,12,35,19,26,19,8,13,18,8,11,7,10
2024-04-14,Ohio St.,Johns Hopkins,Home,L,10,11,1,10,5,15,40,18,35,16,11,14,24,11,4,15,36,22,33,16,9,10,24,11,11,10,8
2024-04-20,Ohio St.,Michigan,Home,L,12,13,NA,12,7,19,39,23,41,15,14,11,29,13,4,17,36,23,42,21,8,18,29,13,10,12,11
2024-04-27,Ohio St.,Michigan,Away,L,9,15,NA,9,5,14,35,21,29,12,6,14,28,15,5,20,48,25,27,11,7,14,28,15,10,9,12
2024-02-17,Penn,Georgetown,Home,W,9,12,NA,9,5,14,36,21,18,10,5,7,24,12,9,21,40,23,30,15,4,17,24,12,11,9,12
2024-02-20,Penn,UAlbany,Home,L,11,7,NA,11,9,20,29,20,32,18,5,9,22,7,6,13,45,24,28,15,4,13,22,7,17,11,9
2024-02-24,Penn,Delaware,Home,W,11,10,NA,11,8,19,45,26,36,17,3,18,24,10,3,13,39,26,29,6,6,6,24,10,16,11,15
2024-03-01,Penn,Duke,Away,L,14,12,NA,14,10,24,42,26,32,16,8,14,29,12,6,18,47,29,33,14,11,15,29,12,17,14,12
2024-03-03,Penn,North Carolina,Away,L,9,13,NA,9,3,12,30,19,27,12,3,8,26,13,7,20,45,25,37,10,7,18,26,13,12,9,10
2024-03-09,Penn,Villanova,Away,W,11,8,NA,11,8,19,35,20,21,17,8,5,23,8,5,13,37,24,33,19,13,18,23,8,16,11,9
2024-03-16,Penn,Brown,Home,L,11,6,NA,11,6,17,29,19,22,21,6,10,22,6,4,10,43,22,34,16,9,12,22,6,16,11,8
2024-03-19,Penn,Saint Joseph's,Home,W,7,12,NA,7,5,12,36,22,27,15,10,10,23,12,4,16,43,28,25,18,4,13,23,12,16,7,15
2024-03-23,Penn,Dartmouth,Away,W,11,8,NA,11,7,18,32,20,49,25,12,11,22,8,6,14,31,18,37,24,14,11,22,8,10,11,9
2024-03-30,Penn,Cornell,Home,W,11,10,2,11,6,17,33,22,22,16,10,12,26,10,5,15,36,27,25,18,7,14,26,10,17,11,11
2024-04-06,Penn,Yale,Away,L,9,12,NA,9,7,16,33,19,16,16,3,11,25,12,6,18,50,28,38,13,4,14,25,12,16,9,10
2024-04-13,Penn,Harvard,Home,W,15,12,NA,15,13,28,45,29,31,15,2,20,30,12,5,17,38,30,22,11,8,10,30,12,18,15,14
2024-04-20,Penn,Princeton,Away,W,10,15,NA,10,4,14,46,25,35,14,9,13,29,15,7,22,56,32,38,15,8,16,29,15,17,10,15
2024-05-03,Penn,Cornell,Away,W,13,9,NA,13,5,18,35,24,28,14,1,14,26,9,5,14,45,28,33,8,10,12,26,9,19,13,11
2024-05-05,Penn,"Princeton Ithaca, N.Y.",Away,W,11,18,NA,11,3,14,31,22,28,15,6,15,33,18,9,27,57,38,41,11,12,18,33,18,20,11,11
2024-02-03,Penn St.,Colgate,Home,L,12,13,NA,12,10,22,43,25,39,25,12,19,29,13,2,15,37,20,37,21,15,10,29,13,7,12,13
2024-02-10,Penn St.,Villanova,Home,W,18,10,NA,18,10,28,37,24,35,19,12,11,32,10,4,14,45,24,35,24,7,21,32,10,14,18,6
2024-02-17,Penn St.,Stony Brook,Away,L,14,10,NA,14,8,22,39,22,44,16,6,15,28,10,9,19,38,20,29,15,7,13,28,10,10,14,8
2024-02-24,Penn St.,Navy,Away,W,13,3,NA,13,8,21,45,27,31,15,8,9,20,3,2,5,35,18,41,19,6,11,20,3,15,13,14
2024-03-02,Penn St.,Yale,Home,W,15,14,1,15,9,24,44,30,31,13,8,13,33,14,9,23,56,31,42,16,7,20,33,14,17,15,15
2024-03-09,Penn St.,Cornell,Home,L,20,9,NA,20,12,32,48,31,30,14,9,14,33,9,7,16,40,24,33,17,10,19,33,9,15,20,11
2024-03-16,Penn St.,"Marquette Springfield, Pa.",Away,W,13,7,NA,13,8,21,52,31,32,12,4,13,24,7,4,11,38,19,18,14,6,11,24,7,12,13,18
2024-03-24,Penn St.,Ohio St.,Away,W,12,9,NA,12,5,17,37,24,30,13,6,10,25,9,6,15,40,17,35,13,6,15,25,9,8,12,12
2024-03-31,Penn St.,Maryland,Home,L,11,13,NA,11,4,15,33,20,22,17,7,11,28,13,9,22,48,29,31,12,6,17,28,13,16,11,9
2024-04-06,Penn St.,Johns Hopkins,Away,W,8,9,1,8,3,11,41,24,28,17,4,10,21,9,4,13,34,25,29,9,14,11,21,9,16,8,16
2024-04-13,Penn St.,Michigan,Home,L,14,8,NA,14,9,23,43,25,20,19,6,8,25,8,2,10,54,27,22,15,8,17,25,8,19,14,11
2024-04-19,Penn St.,Rutgers,Away,W,15,9,NA,15,9,24,35,21,30,16,9,13,28,9,5,14,38,23,27,14,11,15,28,9,14,15,6
2024-04-27,Penn St.,Rutgers,Home,L,14,8,NA,14,8,22,50,32,31,10,4,17,26,8,3,11,37,26,14,9,4,9,26,8,18,14,18
2024-05-02,Penn St.,"Maryland Columbus, Ohio",Away,W,19,9,NA,19,7,26,47,27,33,10,6,11,31,9,5,14,40,20,36,11,4,20,31,9,11,19,8
2024-05-04,Penn St.,"Michigan Columbus, Ohio",Away,L,4,16,NA,4,3,7,36,16,26,18,10,5,24,16,11,27,33,22,37,25,9,19,24,16,6,4,12
2024-05-12,Penn St.,Georgetown,Away,L,9,12,NA,9,6,15,39,19,39,18,8,13,25,12,7,19,48,25,37,12,11,12,25,12,13,9,10
2024-02-18,Princeton,Monmouth,Home,L,15,5,NA,15,8,23,49,35,38,13,14,13,24,5,3,8,29,19,32,19,7,11,24,5,14,15,20
2024-02-20,Princeton,Manhattan,Home,L,15,6,NA,15,9,24,46,31,35,15,8,15,25,6,0,6,29,14,36,21,9,10,25,6,8,15,16
2024-02-24,Princeton,Maryland,Away,L,7,13,NA,7,5,12,29,17,16,13,4,3,24,13,7,20,45,33,35,13,7,21,24,13,20,7,10
2024-03-01,Princeton,North Carolina,Away,W,15,9,NA,15,11,26,45,24,42,18,10,11,28,9,5,14,44,21,38,19,8,17,28,9,12,15,9
2024-03-03,Princeton,Duke,Away,L,8,17,NA,8,5,13,40,24,33,13,6,15,28,17,7,24,47,34,28,8,10,13,28,17,17,8,16
2024-03-10,Princeton,Rutgers,Away,W,14,8,NA,14,4,18,44,30,28,17,14,10,26,8,2,10,38,23,30,20,8,16,26,8,15,14,16
2024-03-17,Princeton,Cornell,Home,L,14,15,NA,14,5,19,48,26,38,15,14,18,32,15,10,25,46,26,40,15,9,14,32,15,11,14,12
2024-03-23,Princeton,Harvard,Away,L,14,11,NA,14,8,22,54,34,36,17,5,20,29,11,7,18,32,17,18,15,6,9,29,11,6,14,20
2024-03-30,Princeton,Dartmouth,Home,L,15,5,NA,15,9,24,55,36,31,9,9,13,24,5,0,5,30,20,21,14,6,11,24,5,15,15,21
2024-04-02,Princeton,Lehigh,Home,W,12,10,NA,12,6,18,44,22,31,12,13,8,24,10,4,14,34,21,36,17,9,16,24,10,11,12,10
2024-04-13,Princeton,Brown,Away,W,12,13,NA,12,8,20,39,26,34,19,11,14,28,13,3,16,40,26,31,16,11,14,28,13,13,12,14
2024-04-20,Princeton,Penn,Home,W,15,10,NA,15,7,22,56,32,38,15,8,16,29,10,4,14,46,25,35,14,9,13,29,10,15,15,17
2024-04-27,Princeton,Yale,Away,W,15,8,NA,15,3,18,51,25,43,17,6,21,27,8,1,9,37,24,22,9,10,6,27,8,16,15,10
2024-05-03,Princeton,"Yale Ithaca, N.Y.",Away,L,14,10,NA,14,7,21,43,30,37,15,7,20,28,10,4,14,39,26,25,13,7,8,28,10,16,14,16
2024-05-05,Princeton,"Penn Ithaca, N.Y.",Away,L,18,11,NA,18,9,27,57,38,41,11,12,18,33,11,3,14,31,22,28,15,6,15,33,11,11,18,20
2024-05-11,Princeton,Maryland,Away,L,8,16,NA,8,4,12,31,19,24,19,12,7,28,16,8,24,37,25,30,19,9,21,28,16,9,8,11
2024-02-04,Providence,Holy Cross,Away,W,12,6,NA,12,7,19,39,20,35,27,3,15,21,6,2,8,32,19,24,16,12,6,21,6,13,12,8
2024-02-10,Providence,Bryant,Home,L,13,15,NA,13,9,22,30,21,28,14,8,11,32,15,9,24,53,23,40,13,8,21,32,15,8,13,8
2024-02-17,Providence,Harvard,Away,L,7,23,NA,7,4,11,29,18,26,20,6,10,31,23,12,35,43,33,43,13,11,21,31,23,10,7,11
2024-02-24,Providence,Brown,Home,W,12,11,1,12,8,20,53,30,34,13,10,11,26,11,8,19,44,22,33,20,4,15,26,11,11,12,18
2024-03-02,Providence,Fairfield,Away,W,12,14,NA,12,7,19,47,27,21,6,6,14,30,14,10,24,28,24,21,13,4,16,30,14,10,12,15
2024-03-05,Providence,Merrimack,Home,W,17,10,NA,17,13,30,47,30,35,15,4,22,31,10,6,16,39,26,26,10,6,9,31,10,16,17,13
2024-03-09,Providence,Stony Brook,Away,L,13,12,1,13,5,18,55,32,31,11,10,12,28,12,6,18,31,22,34,22,3,16,28,12,10,13,19
2024-03-13,Providence,Duke,Away,L,6,21,NA,6,2,8,29,16,26,20,8,13,31,21,14,35,40,29,41,19,10,18,31,21,8,6,10
2024-03-23,Providence,Saint Joseph's,Home,L,12,13,1,12,7,19,30,15,18,18,3,7,29,13,6,19,56,27,34,15,3,22,29,13,14,12,3
2024-03-30,Providence,Georgetown,Home,L,10,15,NA,10,3,13,26,16,25,16,6,11,29,15,12,27,38,27,34,13,8,18,29,15,12,10,6
2024-04-06,Providence,Villanova,Away,L,15,12,NA,15,10,25,36,21,33,30,10,19,31,12,10,22,50,29,39,17,20,12,31,12,17,15,6
2024-04-13,Providence,Marquette,Away,L,13,10,NA,13,7,20,38,25,32,11,10,9,27,10,8,18,34,21,32,17,4,18,27,10,11,13,12
2024-04-20,Providence,Denver,Home,L,4,7,NA,4,1,5,28,14,25,17,9,3,14,7,3,10,38,16,32,21,10,11,14,7,9,4,10
2024-04-26,Providence,St. John's (NY),Away,L,16,13,NA,16,12,28,39,28,33,14,7,14,32,13,6,19,39,22,31,18,4,18,32,13,9,16,12
2024-05-02,Providence,"Georgetown Villanova, Pa.",Away,W,13,14,1,13,7,20,44,21,30,14,5,17,31,14,9,23,41,23,33,14,8,14,31,14,9,13,8
2024-02-10,Queens (NC),VMI,Away,W,10,14,NA,10,6,16,37,19,23,22,6,13,28,14,7,21,38,23,29,22,10,15,28,14,9,10,9
2024-02-18,Queens (NC),High Point,Home,W,8,17,NA,8,3,11,28,16,20,22,2,7,27,17,14,31,57,37,39,13,9,20,27,17,20,8,8
2024-02-24,Queens (NC),Hampton,Home,L,14,7,NA,14,11,25,50,35,39,28,12,21,25,7,3,10,35,18,24,25,13,4,25,7,11,14,21
2024-02-28,Queens (NC),St. John's (NY),Home,W,8,11,NA,8,3,11,34,17,23,14,9,10,22,11,9,20,35,22,25,16,4,12,22,11,11,8,9
2024-03-16,Queens (NC),Air Force,Away,W,10,14,NA,10,6,16,27,16,24,16,8,10,27,14,11,25,42,24,34,15,8,17,27,14,10,10,6
2024-03-20,Queens (NC),Lindenwood,Home,W,8,3,NA,8,3,11,39,25,27,18,5,7,13,3,2,5,35,21,29,19,9,6,13,3,18,8,17
2024-03-23,Queens (NC),Bellarmine,Home,W,5,12,NA,5,2,7,32,20,16,15,7,7,21,12,4,16,55,34,29,18,7,14,21,12,22,5,15
2024-03-30,Queens (NC),Detroit Mercy,Away,L,7,12,NA,7,4,11,37,19,33,22,7,16,23,12,5,17,44,25,25,12,8,7,23,12,13,7,12
2024-04-06,Queens (NC),Jacksonville,Home,W,5,19,NA,5,3,8,34,17,21,16,7,9,28,19,18,37,53,30,36,18,10,19,28,19,11,5,12
2024-04-10,Queens (NC),Cleveland St.,Away,L,7,12,NA,7,2,9,39,26,26,10,7,9,21,12,7,19,41,25,40,17,4,12,21,12,13,7,19
2024-04-13,Queens (NC),Robert Morris,Away,W,13,14,1,13,6,19,49,29,23,17,7,14,28,14,9,23,41,30,44,13,13,14,28,14,16,13,16
2024-04-20,Queens (NC),Mercer,Home,W,9,10,3,9,7,16,39,21,24,22,9,6,24,10,2,12,70,28,41,20,13,18,24,10,18,9,12
2024-04-27,Queens (NC),Utah,Away,L,8,25,NA,8,5,13,32,21,26,25,4,16,37,25,14,39,57,44,49,11,16,21,37,25,19,8,13
2024-02-10,Quinnipiac,St. John's (NY),Away,L,17,11,NA,17,9,26,33,26,28,17,5,12,30,11,6,17,52,30,27,13,5,18,30,11,19,17,9
2024-02-17,Quinnipiac,Brown,Home,L,13,7,NA,13,6,19,39,22,27,16,11,12,24,7,4,11,46,22,20,13,10,12,24,7,15,13,9
2024-02-24,Quinnipiac,Bryant,Away,L,13,10,NA,13,9,22,36,21,39,13,5,8,27,10,3,13,43,28,35,17,7,19,27,10,19,13,8
2024-03-02,Quinnipiac,Merrimack,Away,L,15,12,NA,15,9,24,49,31,33,16,6,16,31,12,7,19,47,27,34,18,5,15,31,12,15,15,16
2024-03-09,Quinnipiac,Canisius,Away,W,14,7,NA,14,7,21,35,24,28,12,6,12,25,7,3,10,45,23,26,10,4,13,25,7,16,14,10
2024-03-16,Quinnipiac,Wagner,Home,L,14,8,NA,14,11,25,45,26,25,14,9,14,26,8,4,12,35,22,24,16,9,12,26,8,14,14,12
2024-03-23,Quinnipiac,Marist,Away,L,13,10,NA,13,6,19,32,23,38,20,10,12,27,10,4,14,41,21,39,17,11,15,27,10,11,13,10
2024-03-27,Quinnipiac,Manhattan,Away,W,12,15,NA,12,4,16,45,24,43,13,4,15,30,15,6,21,39,27,25,9,6,15,30,15,12,12,12
2024-03-30,Quinnipiac,Mount St. Mary's,Home,W,15,10,NA,15,4,19,42,27,24,12,4,16,29,10,4,14,35,23,20,12,7,13,29,10,13,15,12
2024-04-06,Quinnipiac,Siena,Away,W,10,13,NA,10,9,19,25,13,16,17,2,8,27,13,9,22,48,30,31,7,6,19,27,13,17,10,3
2024-04-10,Quinnipiac,Sacred Heart,Home,L,12,13,NA,12,6,18,36,24,21,13,4,9,27,13,5,18,68,35,32,13,5,18,27,13,22,12,12
2024-04-13,Quinnipiac,VMI,Home,W,13,12,NA,13,8,21,38,23,28,14,7,12,28,12,7,19,33,29,29,11,7,16,28,12,17,13,10
2024-04-20,Quinnipiac,LIU,Away,L,9,10,1,9,4,13,48,28,25,18,13,7,22,10,9,19,37,25,29,20,12,15,22,10,15,9,19
2024-04-27,Quinnipiac,Manhattan,Away,W,13,14,NA,13,9,22,34,24,33,8,5,8,30,14,9,23,46,25,31,9,3,22,30,14,11,13,11
2024-02-03,Richmond,Maryland,Home,L,11,12,2,11,6,17,36,24,26,16,6,12,29,12,7,19,36,22,27,17,8,17,29,12,10,11,13
2024-02-10,Richmond,"Robert Morris North Bethesda, Md.",Away,W,23,7,NA,23,13,36,54,36,35,13,13,16,34,7,3,10,20,14,20,23,3,18,34,7,7,23,13
2024-02-17,Richmond,Virginia,Home,L,10,14,NA,10,6,16,36,22,27,19,5,11,26,14,13,27,47,31,30,12,5,15,26,14,17,10,12
2024-02-24,Richmond,St. John's (NY),Home,L,18,2,NA,18,10,28,52,36,34,16,9,17,24,2,1,3,38,20,25,18,6,7,24,2,18,18,18
2024-03-02,Richmond,Binghamton,Home,W,19,10,NA,19,11,30,59,34,26,7,12,17,32,10,5,15,34,21,25,19,2,15,32,10,11,19,15
2024-03-08,Richmond,UMBC,Away,W,13,4,NA,13,7,20,45,27,33,15,4,13,21,4,3,7,29,19,23,14,9,8,21,4,15,13,14
2024-03-12,Richmond,Bucknell,Away,W,17,5,NA,17,11,28,31,24,32,23,9,13,26,5,1,6,35,17,35,23,15,13,26,5,12,17,7
2024-03-16,Richmond,Duke,Home,W,3,12,NA,3,2,5,30,15,20,17,5,11,19,12,8,20,44,21,23,13,7,8,19,12,9,3,12
2024-03-23,Richmond,Georgetown,Home,W,8,14,NA,8,6,14,41,22,25,11,7,12,26,14,10,24,27,24,33,18,7,14,26,14,10,8,14
2024-03-30,Richmond,St. Bonaventure,Away,W,19,8,NA,19,9,28,49,30,37,17,15,14,31,8,3,11,28,14,24,23,8,17,31,8,6,19,11
2024-04-06,Richmond,Hobart,Home,L,21,8,NA,21,13,34,52,35,60,13,15,15,31,8,6,14,33,17,32,23,4,16,31,8,9,21,14
2024-04-13,Richmond,High Point,Away,L,9,5,NA,9,4,13,29,18,33,17,12,2,17,5,2,7,42,17,27,18,12,15,17,5,12,9,9
2024-04-20,Richmond,Massachusetts,Away,L,14,12,NA,14,7,21,39,26,38,15,9,15,29,12,10,22,40,25,32,14,8,14,29,12,13,14,12
2024-04-27,Richmond,Saint Joseph's,Home,W,9,10,NA,9,4,13,33,17,28,18,10,9,21,10,8,18,38,19,25,16,13,12,21,10,9,9,8
2024-05-02,Richmond,"High Point Amherst, Mass.",Away,L,11,10,NA,11,7,18,47,22,33,14,8,8,25,10,6,16,41,20,38,21,8,17,25,10,10,11,11
2024-05-04,Richmond,"Saint Joseph's Amherst, Mass.",Away,W,13,17,NA,13,7,20,38,27,44,18,11,19,33,17,12,29,42,27,43,18,9,14,33,17,10,13,14
2024-02-10,Robert Morris,"Richmond North Bethesda, Md.",Away,L,7,23,NA,7,3,10,20,14,20,23,3,18,34,23,13,36,54,36,35,13,13,16,34,23,13,7,7
2024-02-20,Robert Morris,St. Bonaventure,Away,L,16,11,NA,16,9,25,43,30,31,18,9,18,31,11,6,17,31,23,30,21,8,13,31,11,12,16,14
2024-02-24,Robert Morris,Canisius,Home,L,8,9,1,8,4,12,40,23,25,17,10,9,20,9,2,11,36,16,26,20,10,11,20,9,7,8,15
2024-03-02,Robert Morris,Hobart,Away,W,10,15,NA,10,1,11,35,21,20,16,9,7,28,15,10,25,52,26,36,18,8,21,28,15,11,10,11
2024-03-05,Robert Morris,Virginia,Away,L,7,16,NA,7,4,11,35,23,40,23,6,10,26,16,10,26,54,33,51,20,14,16,26,16,17,7,16
2024-03-16,Robert Morris,Jacksonville,Away,L,9,13,NA,9,1,10,32,23,11,14,4,12,26,13,8,21,39,26,35,12,7,14,26,13,13,9,14
2024-03-20,Robert Morris,Detroit Mercy,Home,W,13,12,1,13,9,22,50,30,41,17,8,23,27,12,7,19,38,26,16,16,7,4,27,12,14,13,17
2024-03-23,Robert Morris,Cleveland St.,Away,L,6,13,NA,6,6,12,37,17,30,28,10,14,23,13,6,19,35,19,31,24,6,9,23,13,6,6,11
2024-03-30,Robert Morris,Mercer,Home,L,15,7,NA,15,9,24,46,31,36,16,9,18,25,7,5,12,31,18,20,19,8,7,25,7,11,15,16
2024-04-05,Robert Morris,Utah,Away,L,6,14,NA,6,3,9,32,13,32,24,8,11,23,14,9,23,49,30,36,15,15,12,23,14,16,6,7
2024-04-10,Robert Morris,Bellarmine,Away,W,12,15,NA,12,8,20,44,27,36,23,7,15,30,15,8,23,49,31,28,21,10,15,30,15,16,12,15
2024-04-13,Robert Morris,Queens (NC),Home,W,14,13,1,14,9,23,41,30,44,13,13,14,28,13,6,19,49,29,23,17,7,14,28,13,16,14,16
2024-04-20,Robert Morris,Lindenwood,Away,W,10,9,NA,10,7,17,37,24,39,22,10,17,22,9,6,15,35,24,21,13,8,5,22,9,15,10,14
2024-04-27,Robert Morris,Air Force,Home,L,11,14,NA,11,6,17,45,24,34,15,11,13,29,14,8,22,38,24,35,18,6,16,29,14,10,11,13
2024-04-30,Robert Morris,"Jacksonville USAF Academy, Colo.",Away,W,12,17,NA,12,4,16,43,27,24,12,6,16,32,17,12,29,47,25,35,17,7,16,32,17,8,12,15
2024-02-03,Rutgers,Lehigh,Home,W,14,12,NA,14,9,23,38,24,32,14,3,18,30,12,2,14,40,22,22,11,4,12,30,12,10,14,10
2024-02-10,Rutgers,Stony Brook,Away,L,16,12,NA,16,9,25,43,29,41,14,9,21,32,12,10,22,41,21,29,14,5,11,32,12,9,16,13
2024-02-17,Rutgers,Army West Point,Home,W,7,16,NA,7,2,9,28,15,23,17,5,10,27,16,9,25,42,30,36,15,7,17,27,16,14,7,8
2024-02-24,Rutgers,Loyola Maryland,Away,W,13,5,NA,13,6,19,46,27,28,11,4,15,22,5,1,6,37,20,23,12,8,7,22,5,15,13,14
2024-03-02,Rutgers,Hofstra,Home,L,13,8,NA,13,5,18,46,25,25,11,5,8,23,8,5,13,33,19,27,18,4,15,23,8,11,13,12
2024-03-05,Rutgers,Detroit Mercy,Home,L,17,5,NA,17,7,24,53,29,39,12,8,15,26,5,2,7,26,14,25,19,7,11,26,5,9,17,12
2024-03-10,Rutgers,Princeton,Home,W,8,14,NA,8,2,10,38,23,30,20,8,16,26,14,4,18,44,30,28,17,14,10,26,14,16,8,15
2024-03-16,Rutgers,Massachusetts,Home,L,10,9,NA,10,5,15,50,26,32,10,7,14,23,9,7,16,39,28,25,10,4,9,23,9,19,10,16
2024-03-24,Rutgers,Johns Hopkins,Home,W,8,13,NA,8,5,13,35,21,28,10,9,12,23,13,7,20,33,23,19,14,2,11,23,13,10,8,13
2024-03-30,Rutgers,Ohio St.,Home,W,8,14,NA,8,6,14,34,20,24,15,5,12,26,14,8,22,44,26,41,14,7,14,26,14,12,8,12
2024-04-07,Rutgers,Michigan,Away,L,9,7,NA,9,5,14,40,21,22,16,3,9,20,7,6,13,46,26,25,8,14,11,20,7,19,9,12
2024-04-13,Rutgers,Maryland,Away,L,6,11,NA,6,4,10,36,21,25,13,6,10,21,11,7,18,30,25,32,15,6,11,21,11,14,6,15
2024-04-19,Rutgers,Penn St.,Home,W,9,15,NA,9,5,14,38,23,27,14,11,15,28,15,9,24,35,21,30,16,9,13,28,15,6,9,14
2024-04-27,Rutgers,Penn St.,Away,L,8,14,NA,8,3,11,37,26,14,9,4,9,26,14,8,22,50,32,31,10,4,17,26,14,18,8,18
2024-02-04,Sacred Heart,Stony Brook,Home,L,14,17,NA,14,10,24,43,30,33,15,5,21,35,17,11,28,37,25,28,14,8,14,35,17,8,14,16
2024-02-10,Sacred Heart,Merrimack,Away,W,10,11,NA,10,7,17,51,26,31,18,4,14,24,11,5,16,37,25,23,13,9,10,24,11,14,10,16
2024-02-17,Sacred Heart,Holy Cross,Away,L,9,10,NA,9,7,16,37,21,29,19,8,9,23,10,4,14,33,21,30,22,5,14,23,10,11,9,12
2024-02-21,Sacred Heart,Fairfield,Home,L,13,9,NA,13,6,19,41,23,37,24,11,20,25,9,5,14,42,20,27,15,9,5,26,9,11,13,10
2024-02-25,Sacred Heart,Le Moyne,Home,L,15,7,NA,15,8,23,43,23,31,14,8,11,24,7,4,11,42,21,25,17,2,13,24,7,14,15,8
2024-03-02,Sacred Heart,Drexel,Away,L,6,12,NA,6,2,8,33,19,16,19,3,5,21,12,7,19,47,30,30,10,5,16,21,12,18,6,13
2024-03-09,Sacred Heart,Siena,Home,L,18,8,NA,18,9,27,46,29,30,14,6,15,30,8,3,11,40,22,28,15,3,15,30,8,14,18,11
2024-03-16,Sacred Heart,Manhattan,Home,W,14,12,NA,14,7,21,47,30,31,11,1,16,30,12,7,19,38,26,25,11,7,14,30,12,14,14,16
2024-03-23,Sacred Heart,VMI,Away,W,18,8,NA,18,6,24,53,29,33,17,7,20,29,8,5,13,32,20,23,21,9,9,29,8,12,18,11
2024-03-27,Sacred Heart,Marist,Home,L,12,7,NA,12,8,20,50,26,31,15,6,8,21,7,2,9,32,15,23,17,2,13,21,7,8,12,14
2024-03-30,Sacred Heart,LIU,Away,W,17,6,NA,17,7,24,53,27,34,16,7,16,26,6,4,10,32,16,17,14,10,10,26,6,10,17,10
2024-04-06,Sacred Heart,Wagner,Home,L,19,6,NA,19,14,33,48,27,36,14,6,19,29,6,1,7,33,22,25,13,6,10,29,6,16,19,8
2024-04-10,Sacred Heart,Quinnipiac,Away,L,13,12,NA,13,5,18,68,35,32,13,5,18,27,12,6,18,36,24,21,13,4,9,27,12,12,13,22
2024-04-13,Sacred Heart,Mount St. Mary's,Away,W,16,5,NA,16,10,26,45,23,28,14,8,12,24,5,2,7,41,14,29,15,6,12,24,5,9,16,7
2024-04-20,Sacred Heart,Canisius,Away,L,13,12,NA,13,6,19,44,25,41,18,8,12,29,12,5,17,41,18,37,22,8,17,29,12,6,13,12
2024-05-02,Sacred Heart,"Siena Riverdale, NY",Away,L,15,13,NA,15,7,22,40,24,32,19,5,14,32,13,7,20,54,32,33,9,11,18,32,13,19,15,9
2024-05-04,Sacred Heart,Manhattan,Away,W,11,5,NA,11,10,21,28,20,34,15,9,9,20,5,3,8,37,20,24,13,8,11,20,5,15,11,9
2024-05-08,Sacred Heart,UAlbany,Away,L,7,13,NA,7,5,12,36,19,30,12,6,9,23,13,5,18,36,26,38,12,5,14,23,13,13,7,12
2024-02-06,Saint Joseph's,"Boston U. Westport, Conn.",Away,W,10,14,NA,10,5,15,45,28,34,15,14,13,28,14,7,21,36,21,35,22,10,15,28,14,7,10,18
2024-02-17,Saint Joseph's,Duke,Away,W,10,19,NA,10,6,16,40,25,25,16,7,7,31,19,10,29,39,27,46,19,15,24,31,19,8,10,15
2024-02-23,Saint Joseph's,Towson,Home,W,7,15,NA,7,4,11,44,20,28,16,11,11,24,15,6,21,30,19,27,15,9,13,24,15,4,7,13
2024-03-03,Saint Joseph's,Air Force,Home,W,15,11,NA,15,9,24,35,25,28,18,7,17,29,11,7,18,34,24,31,18,7,12,29,11,13,15,10
2024-03-10,Saint Joseph's,Drexel,Home,L,15,6,NA,15,5,20,46,29,32,11,10,7,23,6,3,9,26,10,22,20,5,16,23,6,4,15,14
2024-03-16,Saint Joseph's,St. John's (NY),Home,L,15,8,NA,15,3,18,39,26,28,10,7,9,26,8,4,12,34,18,30,17,3,17,26,8,10,15,11
2024-03-19,Saint Joseph's,Penn,Away,W,12,7,NA,12,4,16,43,28,25,18,4,13,23,7,5,12,36,22,27,15,10,10,23,7,15,12,16
2024-03-23,Saint Joseph's,Providence,Away,L,13,12,1,13,6,19,56,27,34,15,3,22,29,12,7,19,30,15,18,18,3,7,29,12,3,13,14
2024-03-30,Saint Joseph's,High Point,Home,L,15,7,NA,15,3,18,45,29,35,13,10,10,22,7,4,11,33,22,28,21,7,12,22,7,15,15,14
2024-04-06,Saint Joseph's,Massachusetts,Away,W,12,7,NA,12,8,20,44,22,32,16,7,13,21,7,3,10,28,17,24,11,8,8,21,7,10,12,10
2024-04-13,Saint Joseph's,Hobart,Away,W,12,7,NA,12,6,18,59,30,38,15,13,14,23,7,1,8,28,14,17,21,6,9,23,7,7,12,18
2024-04-20,Saint Joseph's,St. Bonaventure,Home,L,24,3,NA,24,12,36,63,36,47,15,15,21,30,3,1,4,18,12,26,26,6,9,30,3,9,24,12
2024-04-27,Saint Joseph's,Richmond,Away,W,10,9,NA,10,8,18,38,19,25,16,13,12,21,9,4,13,33,17,28,18,10,9,21,9,8,10,9
2024-05-02,Saint Joseph's,Massachusetts,Away,W,11,9,NA,11,6,17,48,30,38,18,14,12,23,9,5,14,34,20,39,23,9,11,23,9,11,11,19
2024-05-04,Saint Joseph's,"Richmond Amherst, Mass.",Away,L,17,13,NA,17,12,29,42,27,43,18,9,14,33,13,7,20,38,27,44,18,11,19,33,13,14,17,10
2024-05-11,Saint Joseph's,Virginia,Away,W,11,17,NA,11,4,15,29,22,35,19,7,14,31,17,10,27,48,29,40,15,15,17,31,17,12,11,11
2024-02-10,Siena,NJIT,Away,W,15,16,1,15,8,23,47,32,22,17,10,10,33,16,12,28,42,26,33,29,14,23,33,16,10,15,17
2024-02-17,Siena,Hofstra,Away,W,12,14,NA,12,10,22,30,19,29,22,11,11,30,14,6,20,49,26,40,20,10,19,30,14,12,12,7
2024-02-23,Siena,UMass Lowell,Away,W,13,8,NA,13,4,17,39,22,28,16,7,9,23,8,4,12,37,22,28,19,5,14,23,8,14,13,9
2024-02-28,Siena,Le Moyne,Home,L,11,9,NA,11,9,20,39,23,40,11,13,8,24,9,5,14,34,19,31,15,4,16,24,9,10,11,12
2024-03-02,Siena,Dartmouth,Home,L,11,12,NA,11,7,18,33,20,29,25,10,9,27,12,9,21,43,27,42,17,9,18,27,12,15,11,9
2024-03-09,Siena,Sacred Heart,Away,L,8,18,NA,8,3,11,40,22,28,15,3,15,30,18,9,27,46,29,30,14,6,15,30,18,11,8,14
2024-03-16,Siena,VMI,Home,L,11,8,NA,11,7,18,50,25,30,16,9,12,23,8,4,12,36,18,32,24,6,11,23,8,10,11,14
2024-03-23,Siena,LIU,Home,L,11,12,1,11,6,17,33,21,21,27,11,15,27,12,8,20,39,20,29,23,12,12,27,12,8,11,10
2024-03-27,Siena,Canisius,Home,L,12,13,NA,12,7,19,48,27,30,17,8,15,29,13,6,19,42,21,41,15,7,14,29,13,8,12,15
2024-03-30,Siena,Wagner,Away,W,13,5,NA,13,8,21,41,28,32,15,18,11,20,5,2,7,35,20,18,21,9,9,20,5,15,13,15
2024-04-06,Siena,Quinnipiac,Home,W,13,10,NA,13,9,22,48,30,31,7,6,19,27,10,9,19,25,13,16,17,2,8,27,10,3,13,17
2024-04-10,Siena,Marist,Away,W,13,14,NA,13,7,20,51,28,37,11,5,17,31,14,5,19,55,23,35,8,6,14,31,14,9,13,15
2024-04-13,Siena,Manhattan,Home,W,11,10,NA,11,7,18,40,22,20,12,10,15,24,10,4,14,36,22,29,16,8,9,24,10,12,11,11
2024-04-20,Siena,Mount St. Mary's,Away,W,14,7,NA,14,13,27,42,25,26,14,9,7,25,7,4,11,43,20,44,22,6,18,25,7,13,14,11
2024-04-27,Siena,Marist,Away,W,12,9,NA,12,5,17,38,21,30,12,3,12,24,9,5,14,40,21,41,11,6,12,24,9,12,12,9
2024-05-02,Siena,"Sacred Heart Riverdale, NY",Away,W,13,15,NA,13,7,20,54,32,33,9,11,18,32,15,7,22,40,24,32,19,5,14,32,15,9,13,19
2024-02-11,St. Bonaventure,Bellarmine,Home,W,9,13,NA,9,8,17,27,18,27,23,9,11,25,13,9,22,47,30,44,19,17,14,25,13,17,9,9
2024-02-17,St. Bonaventure,Binghamton,Away,W,12,13,1,12,7,19,32,22,23,19,10,9,27,13,6,19,50,26,27,18,6,18,27,13,13,12,10
2024-02-20,St. Bonaventure,Robert Morris,Home,L,11,16,NA,11,6,17,31,23,30,21,8,13,31,16,9,25,43,30,31,18,9,18,31,16,14,11,12
2024-02-24,St. Bonaventure,VMI,Away,L,9,17,NA,9,8,17,35,23,25,12,4,9,30,17,7,24,50,36,42,13,8,21,30,17,19,9,14
2024-03-09,St. Bonaventure,Cleveland St.,Away,L,8,10,NA,8,4,12,22,15,27,23,8,9,21,10,5,15,44,17,42,23,12,12,21,10,7,8,7
2024-03-12,St. Bonaventure,Canisius,Home,L,12,8,NA,12,5,17,41,23,32,15,7,16,24,8,5,13,34,18,30,15,8,8,24,8,10,12,11
2024-03-23,St. Bonaventure,Marquette,Home,L,3,8,NA,3,2,5,29,14,16,16,8,3,14,8,5,13,34,20,32,19,11,11,14,8,12,3,11
2024-03-30,St. Bonaventure,Richmond,Home,W,8,19,NA,8,3,11,28,14,24,23,8,17,31,19,9,28,49,30,37,17,15,14,31,19,11,8,6
2024-04-05,St. Bonaventure,High Point,Away,L,7,18,NA,7,4,11,33,18,19,17,10,9,28,18,12,30,47,28,45,15,13,19,28,18,10,7,11
2024-04-13,St. Bonaventure,Massachusetts,Home,W,3,15,NA,3,2,5,28,15,17,21,5,7,22,15,6,21,46,33,37,11,15,15,22,15,18,3,12
2024-04-20,St. Bonaventure,Saint Joseph's,Away,L,3,24,NA,3,1,4,18,12,26,26,6,9,30,24,12,36,63,36,47,15,15,21,30,24,12,3,9
2024-04-27,St. Bonaventure,Hobart,Home,L,10,11,NA,10,7,17,39,19,22,16,10,8,25,11,2,13,47,26,41,20,10,17,25,11,15,10,9
2024-02-03,St. John's (NY),NJIT,Home,W,8,10,NA,8,4,12,44,28,23,13,13,8,21,10,4,14,38,20,28,26,3,13,21,10,10,8,20
2024-02-10,St. John's (NY),Quinnipiac,Home,L,11,17,NA,11,6,17,52,30,27,13,5,18,30,17,9,26,33,26,28,17,5,12,30,17,9,11,19
2024-02-13,St. John's (NY),Hofstra,Away,W,13,17,NA,13,5,18,46,32,29,13,1,10,33,17,10,27,49,27,40,18,4,23,33,17,10,13,19
2024-02-17,St. John's (NY),Delaware,Home,W,6,17,NA,6,3,9,30,17,23,14,3,13,25,17,8,25,60,28,30,14,1,12,25,17,11,6,11
2024-02-24,St. John's (NY),Richmond,Away,L,2,18,NA,2,1,3,38,20,25,18,6,7,24,18,10,28,52,36,34,16,9,17,24,18,18,2,18
2024-02-28,St. John's (NY),Queens (NC),Away,W,11,8,NA,11,9,20,35,22,25,16,4,12,22,8,3,11,34,17,23,14,9,10,22,8,9,11,11
2024-03-02,St. John's (NY),Jacksonville,Away,L,7,24,NA,7,4,11,29,18,27,24,8,16,34,24,20,44,59,37,42,16,19,18,34,24,13,7,11
2024-03-09,St. John's (NY),Binghamton,Home,L,13,6,NA,13,3,16,46,25,33,17,10,13,23,6,4,10,41,21,25,18,7,10,23,6,15,13,12
2024-03-16,St. John's (NY),Saint Joseph's,Away,L,8,15,NA,8,4,12,34,18,30,17,3,17,26,15,3,18,39,26,28,10,7,9,26,15,11,8,10
2024-03-23,St. John's (NY),Le Moyne,Away,L,9,7,NA,9,5,14,38,21,31,17,10,10,20,7,2,9,38,23,23,15,7,10,20,7,16,9,12
2024-03-30,St. John's (NY),Marquette,Home,L,13,9,NA,13,7,20,32,23,32,13,10,11,25,9,6,15,46,22,27,17,7,14,25,9,13,13,10
2024-04-05,St. John's (NY),Denver,Away,L,8,18,NA,8,3,11,28,14,20,15,6,12,30,18,15,33,46,30,33,11,7,18,30,18,12,8,6
2024-04-13,St. John's (NY),Villanova,Home,W,9,14,NA,9,4,13,41,21,30,18,8,12,27,14,8,22,41,25,27,18,6,15,27,14,11,9,12
2024-04-20,St. John's (NY),Georgetown,Away,L,6,20,NA,6,5,11,31,21,29,15,5,11,29,20,13,33,52,40,46,9,7,18,29,20,20,6,15
2024-04-26,St. John's (NY),Providence,Home,L,13,16,NA,13,6,19,39,22,31,18,4,18,32,16,12,28,39,28,33,14,7,14,32,16,12,13,9
2024-02-04,Stony Brook,Sacred Heart,Away,L,17,14,NA,17,11,28,37,25,28,14,8,14,35,14,10,24,43,30,33,15,5,21,35,14,16,17,8
2024-02-10,Stony Brook,Rutgers,Home,L,12,16,NA,12,10,22,41,21,29,14,5,11,32,16,9,25,43,29,41,14,9,21,32,16,13,12,9
2024-02-17,Stony Brook,Penn St.,Home,L,10,14,NA,10,9,19,38,20,29,15,7,13,28,14,8,22,39,22,44,16,6,15,28,14,8,10,10
2024-02-24,Stony Brook,Air Force,Away,W,11,12,1,11,9,20,43,26,20,12,4,10,26,12,6,18,38,24,33,15,6,16,26,12,12,11,15
2024-03-02,Stony Brook,Hampton,Home,W,23,2,NA,23,14,37,59,37,52,20,11,22,29,2,0,2,22,9,26,29,8,7,29,2,7,23,14
2024-03-05,Stony Brook,"Dartmouth Avon, Conn.",Away,L,15,12,NA,15,7,22,43,25,37,14,10,15,31,12,7,19,45,26,39,21,8,16,31,12,14,15,10
2024-03-09,Stony Brook,Providence,Home,L,12,13,1,12,6,18,31,22,34,22,3,16,28,13,5,18,55,32,31,11,10,12,28,13,19,12,10
2024-03-16,Stony Brook,North Carolina,Home,W,8,12,NA,8,3,11,39,18,27,15,7,7,24,12,5,17,56,31,28,14,6,17,24,12,19,8,10
2024-03-23,Stony Brook,Monmouth,Home,W,6,11,NA,6,3,9,45,25,29,12,7,10,20,11,3,14,29,15,30,15,6,10,20,11,4,6,19
2024-03-30,Stony Brook,Towson,Away,W,8,9,NA,8,6,14,30,19,29,19,8,4,20,9,7,16,47,25,35,18,13,16,20,9,16,8,11
2024-04-06,Stony Brook,Drexel,Home,L,13,8,NA,13,8,21,42,21,33,12,5,13,24,8,6,14,43,19,19,14,1,11,24,8,11,13,8
2024-04-13,Stony Brook,Delaware,Away,W,12,16,NA,12,6,18,43,33,28,10,4,19,31,16,11,27,49,29,30,13,7,12,31,16,13,12,21
2024-04-20,Stony Brook,Fairfield,Away,W,10,11,NA,10,5,15,37,20,22,17,10,13,25,11,8,19,47,24,27,16,12,12,25,11,13,10,10
2024-04-27,Stony Brook,Hofstra,Home,W,9,11,NA,9,8,17,40,24,24,10,6,9,24,11,8,19,43,24,30,13,3,15,24,11,13,9,15
2024-02-03,Syracuse,Vermont,Home,L,20,7,NA,20,13,33,50,29,30,14,7,21,31,7,2,9,30,19,18,17,5,10,31,7,12,20,9
2024-02-05,Syracuse,Colgate,Home,W,18,10,NA,18,15,33,59,36,59,21,15,24,31,10,8,18,37,21,27,18,10,7,31,10,11,18,18
2024-02-09,Syracuse,Manhattan,Home,L,16,3,NA,16,13,29,47,28,44,14,8,19,23,3,2,5,30,14,27,17,7,4,23,3,11,16,12
2024-02-17,Syracuse,Maryland,Home,L,12,13,1,12,4,16,48,26,28,10,7,13,29,13,7,20,29,22,30,16,6,16,29,13,9,12,14
2024-02-21,Syracuse,Utah,Home,L,18,7,NA,18,10,28,47,35,47,18,6,21,29,7,2,9,44,21,31,18,8,8,29,7,14,18,17
2024-02-28,Syracuse,Army West Point,Home,L,13,14,1,13,5,18,51,24,30,13,5,15,31,14,6,20,47,25,31,15,6,16,31,14,11,13,11
2024-03-02,Syracuse,High Point,Home,W,19,13,NA,19,7,26,54,36,37,12,9,20,36,13,6,19,40,27,38,12,5,16,36,13,14,19,17
2024-03-09,Syracuse,"Johns Hopkins Charlotte, NC",Away,L,14,13,NA,14,11,25,46,29,33,16,4,22,31,13,9,22,36,24,25,14,7,9,31,13,11,14,15
2024-03-16,Syracuse,"Delaware Chantilly, Va.",Away,W,14,6,NA,14,11,25,50,34,26,9,5,14,23,6,3,9,37,23,20,10,2,9,23,6,17,14,20
2024-03-20,Syracuse,Duke,Home,L,10,4,NA,10,8,18,36,24,26,10,6,6,17,4,1,5,36,18,24,19,3,11,17,4,14,10,14
2024-03-23,Syracuse,Hobart,Away,W,13,7,NA,13,8,21,45,25,42,15,11,13,24,7,4,11,32,17,29,23,4,11,24,7,10,13,12
2024-03-30,Syracuse,Notre Dame,Away,W,12,14,NA,12,7,19,41,20,23,20,10,9,29,14,5,19,54,29,39,17,13,20,29,14,15,12,8
2024-04-02,Syracuse,Cornell,Away,W,17,18,2,17,14,31,42,32,36,20,9,23,36,18,12,30,55,33,33,13,14,13,36,18,15,17,15
2024-04-13,Syracuse,North Carolina,Away,W,10,9,NA,10,9,19,40,27,37,15,10,12,23,9,5,14,33,22,35,20,8,11,23,9,13,10,17
2024-04-20,Syracuse,Virginia,Home,W,18,17,NA,18,11,29,57,33,42,15,13,21,39,17,11,28,49,32,42,16,11,18,39,17,15,18,15
2024-05-03,Syracuse,"Duke Charlotte, NC",Away,W,13,18,NA,13,7,20,44,25,27,14,3,18,32,18,7,25,40,25,33,12,7,14,32,18,7,13,12
2024-05-12,Syracuse,Towson,Home,W,20,15,NA,20,11,31,46,29,42,20,10,23,38,15,8,23,34,25,34,14,8,15,38,15,10,20,9
2024-05-19,Syracuse,"Denver Towson, Md.",Away,L,8,10,NA,8,3,11,36,18,37,13,9,10,22,10,4,14,38,19,31,18,10,12,22,10,9,8,10
2024-02-06,Towson,Johns Hopkins,Away,L,5,13,NA,5,3,8,29,15,18,18,7,8,21,13,10,23,43,23,40,16,10,13,21,13,10,5,10
2024-02-10,Towson,Mount St. Mary's,Home,L,15,5,NA,15,9,24,53,28,44,15,11,17,23,5,5,10,25,13,31,20,5,6,23,5,8,15,13
2024-02-17,Towson,Navy,Home,L,17,5,NA,17,11,28,41,27,34,18,11,14,26,5,3,8,38,16,23,19,9,12,26,5,11,17,10
2024-02-23,Towson,Saint Joseph's,Away,W,15,7,NA,15,6,21,30,19,27,15,9,13,24,7,4,11,44,20,28,16,11,11,24,7,13,15,4
2024-02-27,Towson,Loyola Maryland,Away,W,10,11,1,10,5,15,48,28,37,13,5,13,23,11,7,18,46,25,30,12,6,10,23,11,14,10,18
2024-03-02,Towson,UMBC,Home,L,17,7,NA,17,11,28,39,27,36,14,13,16,26,7,6,13,29,16,32,21,6,10,26,7,9,17,10
2024-03-09,Towson,Virginia,Home,L,15,19,NA,15,12,27,44,28,34,17,5,19,36,19,15,34,44,31,35,14,11,17,36,19,12,15,13
2024-03-16,Towson,Drexel,Away,L,16,11,NA,16,11,27,43,28,29,15,8,17,30,11,4,15,29,18,20,17,6,13,30,11,7,16,12
2024-03-23,Towson,Fairfield,Away,L,12,10,NA,12,6,18,40,22,38,16,13,13,26,10,5,15,38,17,37,19,10,13,26,10,7,12,10
2024-03-30,Towson,Stony Brook,Home,W,9,8,NA,9,7,16,47,25,35,18,13,16,20,8,6,14,30,19,29,19,8,4,20,8,11,9,16
2024-04-06,Towson,Hofstra,Home,W,15,11,NA,15,11,26,39,26,32,17,12,13,28,11,8,19,38,24,33,16,11,15,28,11,13,15,11
2024-04-13,Towson,Hampton,Away,L,25,2,NA,25,19,44,59,42,49,14,15,21,31,2,1,3,29,14,22,25,6,10,31,2,12,25,17
2024-04-20,Towson,Monmouth,Home,L,17,2,NA,17,11,28,51,34,47,14,17,15,23,2,1,3,23,12,26,27,6,8,23,2,10,17,17
2024-04-26,Towson,Delaware,Away,L,11,10,NA,11,6,17,44,24,29,10,11,12,24,10,6,16,44,24,32,18,7,12,24,10,14,11,13
2024-05-02,Towson,Drexel,Home,L,18,8,NA,18,14,32,47,26,35,14,4,20,30,8,5,13,33,19,24,14,8,10,30,8,11,18,8
2024-05-04,Towson,Delaware,Home,L,15,6,NA,15,10,25,42,27,35,20,13,14,24,6,6,12,27,12,22,24,10,10,24,6,6,15,12
2024-05-12,Towson,Syracuse,Away,W,15,20,NA,15,8,23,34,25,34,14,8,15,38,20,11,31,46,29,42,20,10,23,38,20,9,15,10
2024-02-17,UAlbany,Colgate,Home,L,10,11,NA,10,8,18,34,23,40,27,12,15,24,11,6,17,35,24,37,20,16,9,24,11,13,10,13
2024-02-20,UAlbany,Penn,Away,L,7,11,NA,7,6,13,45,24,28,15,4,13,22,11,9,20,29,20,32,18,5,9,22,11,9,7,17
2024-02-24,UAlbany,Drexel,Away,W,12,13,1,12,5,17,54,29,25,15,10,15,29,13,6,19,45,27,37,16,6,14,29,13,14,12,17
2024-03-02,UAlbany,Massachusetts,Away,W,11,12,NA,11,5,16,42,18,36,15,6,14,27,12,6,18,34,22,30,14,4,13,27,12,10,11,7
2024-03-09,UAlbany,Hobart,Home,W,14,10,NA,14,7,21,46,32,35,10,7,16,28,10,8,18,30,18,28,16,4,12,28,10,8,14,18
2024-03-16,UAlbany,UMass Lowell,Away,W,19,8,NA,19,12,31,46,31,37,11,7,20,30,8,4,12,33,19,26,22,4,10,30,8,11,19,12
2024-03-19,UAlbany,Virginia,Away,W,10,16,NA,10,8,18,46,24,32,18,5,12,30,16,11,27,45,27,38,15,14,18,30,16,11,10,14
2024-03-23,UAlbany,Vermont,Home,W,13,11,NA,13,11,24,39,29,41,18,8,19,27,11,4,15,28,20,27,21,6,8,27,11,9,13,16
2024-03-30,UAlbany,UMBC,Away,L,14,13,NA,14,8,22,36,23,30,16,8,13,30,13,9,22,36,23,35,19,6,17,30,13,10,14,9
2024-04-06,UAlbany,Bryant,Home,L,12,13,NA,12,7,19,38,24,30,17,12,14,27,13,9,22,40,23,41,24,5,13,27,13,10,12,12
2024-04-13,UAlbany,NJIT,Away,W,14,9,NA,14,7,21,42,29,31,12,10,15,27,9,5,14,40,17,21,21,5,12,27,9,8,14,15
2024-04-19,UAlbany,Yale,Away,W,10,17,NA,10,3,13,42,21,36,18,4,18,30,17,8,25,59,33,26,7,9,12,30,17,16,10,11
2024-04-21,UAlbany,Merrimack,Away,W,14,8,NA,14,7,21,43,24,32,21,4,20,25,8,7,15,37,17,16,18,8,5,25,8,9,14,10
2024-04-27,UAlbany,Binghamton,Home,W,18,10,NA,18,8,26,47,31,32,14,6,17,31,10,3,13,38,23,36,15,8,14,31,10,13,18,13
2024-05-02,UAlbany,Merrimack,Home,L,18,7,NA,18,11,29,46,28,41,17,3,20,26,7,2,9,45,21,24,13,8,6,26,7,14,18,10
2024-05-04,UAlbany,Vermont,Home,W,12,11,NA,12,4,16,36,21,36,18,10,9,25,11,6,17,30,19,36,20,6,16,25,11,8,12,9
2024-05-08,UAlbany,Sacred Heart,Home,L,13,7,NA,13,5,18,36,26,38,12,5,14,23,7,5,12,36,19,30,12,6,9,23,7,12,13,13
2024-05-12,UAlbany,Notre Dame,Away,L,9,14,NA,9,5,14,31,17,22,18,6,9,27,14,11,25,34,24,35,16,9,18,27,14,10,9,8
2024-02-16,UMBC,Drexel,Home,L,10,11,2,10,6,16,49,25,23,11,6,13,26,11,5,16,34,20,25,17,2,13,26,11,9,10,15
2024-02-24,UMBC,Mount St. Mary's,Away,W,18,6,NA,18,13,31,51,28,30,12,9,17,27,6,5,11,27,14,30,14,6,10,27,6,8,18,10
2024-03-02,UMBC,Towson,Away,L,7,17,NA,7,6,13,29,16,32,21,6,10,26,17,11,28,39,27,36,14,13,16,26,17,10,7,9
2024-03-08,UMBC,Richmond,Home,W,4,13,NA,4,3,7,29,19,23,14,9,8,21,13,7,20,45,27,33,15,4,13,21,13,14,4,15
2024-03-16,UMBC,Bryant,Home,W,13,12,1,13,7,20,36,19,22,18,5,11,28,12,9,21,47,26,33,16,5,17,28,12,14,13,6
2024-03-23,UMBC,Merrimack,Away,W,15,9,NA,15,11,26,45,27,40,19,5,21,27,9,4,13,27,17,28,15,8,6,27,9,8,15,12
2024-03-30,UMBC,UAlbany,Home,L,13,14,NA,13,9,22,36,23,35,19,6,17,30,14,8,22,36,23,30,16,8,13,30,14,9,13,10
2024-04-06,UMBC,UMass Lowell,Away,W,21,5,NA,21,15,36,56,37,44,11,8,20,30,5,3,8,26,14,28,21,2,10,30,5,9,21,16
2024-04-13,UMBC,Binghamton,Away,W,10,21,NA,10,6,16,40,25,34,17,13,15,35,21,13,34,49,32,40,19,9,20,35,21,11,10,15
2024-04-20,UMBC,NJIT,Home,L,13,6,NA,13,6,19,55,37,33,14,13,9,22,6,3,9,33,21,27,29,5,13,22,6,15,13,24
2024-04-27,UMBC,Vermont,Away,W,13,15,NA,13,7,20,40,27,26,14,9,11,32,15,8,23,37,23,38,18,9,21,32,15,8,13,14
2024-05-02,UMBC,"Vermont Albany, N.Y.",Away,L,8,10,NA,8,4,12,38,23,39,24,10,8,22,10,7,17,35,19,44,27,12,14,22,10,9,8,15
2024-02-10,UMass Lowell,Holy Cross,Home,W,9,16,NA,9,3,12,28,21,34,30,7,24,27,16,6,22,38,28,32,16,20,3,27,16,12,9,12
2024-02-17,UMass Lowell,Massachusetts,Away,L,7,10,NA,7,3,10,38,17,26,18,6,6,21,10,5,15,40,23,32,15,10,15,21,10,13,7,10
2024-02-23,UMass Lowell,Siena,Home,W,8,13,NA,8,4,12,37,22,28,19,5,14,23,13,4,17,39,22,28,16,7,9,23,13,9,8,14
2024-03-02,UMass Lowell,LIU,Away,L,6,13,NA,6,3,9,33,16,31,19,5,10,23,13,6,19,46,25,42,19,6,13,23,13,12,6,10
2024-03-09,UMass Lowell,Fairfield,Home,W,6,14,NA,6,2,8,31,15,30,21,3,14,24,14,9,23,48,31,40,8,12,10,24,14,17,6,9
2024-03-16,UMass Lowell,UAlbany,Home,W,8,19,NA,8,4,12,33,19,26,22,4,10,30,19,12,31,46,31,37,11,7,20,30,19,12,8,11
2024-03-23,UMass Lowell,Bryant,Away,L,2,17,NA,2,1,3,23,12,28,25,3,13,23,17,5,22,49,30,46,12,13,10,23,17,13,2,10
2024-03-30,UMass Lowell,Binghamton,Away,L,6,15,NA,6,2,8,35,17,18,18,5,10,24,15,10,25,57,32,24,9,7,14,24,15,17,6,11
2024-04-06,UMass Lowell,UMBC,Home,W,5,21,NA,5,3,8,26,14,28,21,2,10,30,21,15,36,56,37,44,11,8,20,30,21,16,5,9
2024-04-12,UMass Lowell,Merrimack,Away,L,9,14,NA,9,5,14,44,22,37,24,10,15,27,14,7,21,46,31,34,20,12,12,27,14,17,9,13
2024-04-20,UMass Lowell,Vermont,Home,W,9,18,NA,9,3,12,27,19,24,17,12,7,29,18,10,28,44,30,38,19,8,22,29,18,12,9,10
2024-04-27,UMass Lowell,NJIT,Away,L,4,12,NA,4,3,7,36,18,27,19,5,7,19,12,8,20,44,28,24,11,7,12,19,12,16,4,14
2024-02-03,Utah,Ohio St.,Away,L,8,11,NA,8,2,10,36,18,30,17,12,9,23,11,2,13,40,18,36,22,12,14,23,11,7,8,10
2024-02-17,Utah,Denver,Home,W,8,16,NA,8,4,12,42,22,30,17,6,9,27,16,7,23,38,25,29,18,13,18,27,16,9,8,14
2024-02-21,Utah,Syracuse,Away,L,7,18,NA,7,2,9,44,21,31,18,8,8,29,18,10,28,47,35,47,18,6,21,29,18,17,7,14
2024-02-24,Utah,Vermont,Home,W,22,12,NA,22,12,34,53,38,28,11,8,14,38,12,7,19,40,29,36,18,2,24,38,12,17,22,16
2024-03-02,Utah,Marquette,Away,L,9,8,NA,9,4,13,41,21,33,13,8,7,21,8,2,10,37,18,31,19,9,14,21,8,10,9,12
2024-03-16,Utah,Bellarmine,Away,L,14,13,NA,14,7,21,48,28,21,11,8,13,27,13,9,22,44,26,23,14,5,14,27,13,13,14,14
2024-03-20,Utah,Air Force,Home,L,11,12,NA,11,10,21,45,24,40,19,5,15,26,12,7,19,32,22,26,19,6,11,26,12,10,11,13
2024-03-23,Utah,Detroit Mercy,Home,L,21,9,NA,21,15,36,63,40,41,14,12,23,34,9,3,12,31,22,24,17,6,11,34,9,13,21,19
2024-03-30,Utah,Jacksonville,Away,L,16,14,NA,16,8,24,34,26,22,11,6,7,32,14,8,22,42,27,43,17,7,25,32,14,14,16,11
2024-04-05,Utah,Robert Morris,Home,L,14,6,NA,14,9,23,49,30,36,15,15,12,23,6,3,9,32,13,32,24,8,11,23,6,7,14,16
2024-04-10,Utah,Lindenwood,Away,W,17,5,NA,17,13,30,53,32,39,14,9,16,26,5,3,8,36,18,24,18,4,10,26,5,13,17,15
2024-04-12,Utah,Mercer,Away,W,20,9,NA,20,8,28,54,37,29,9,8,17,33,9,6,15,45,23,34,14,5,16,33,9,14,20,17
2024-04-20,Utah,Cleveland St.,Away,W,16,7,NA,16,14,30,59,34,46,17,16,14,27,7,3,10,28,21,34,25,7,13,27,7,14,16,18
2024-04-27,Utah,Queens (NC),Home,L,25,8,NA,25,14,39,57,44,49,11,16,21,37,8,5,13,32,21,26,25,4,16,37,8,13,25,19
2024-05-03,Utah,"Cleveland St. USAF Academy, Colo.",Away,W,21,5,NA,21,15,36,63,34,41,12,13,14,30,5,1,6,28,18,31,23,3,16,30,5,13,21,13
2024-05-05,Utah,"Jacksonville USAF Academy, Colo.",Away,L,16,13,NA,16,5,21,40,27,34,14,10,14,32,13,10,23,52,29,38,15,6,18,32,13,16,16,11
2024-05-11,Utah,Duke,Away,L,7,19,NA,7,3,10,39,18,24,16,8,13,29,19,14,33,36,24,30,18,9,16,29,19,5,7,11
2024-02-03,VMI,Cleveland St.,Home,L,11,12,1,11,5,16,41,25,28,18,7,14,27,12,4,16,37,22,22,17,3,13,27,12,10,11,14
2024-02-10,VMI,Queens (NC),Home,W,14,10,NA,14,7,21,38,23,29,22,10,15,28,10,6,16,37,19,23,22,6,13,28,10,9,14,9
2024-02-16,VMI,High Point,Away,L,9,19,NA,9,6,15,36,18,30,14,9,9,32,19,13,32,54,38,45,12,8,23,32,19,19,9,9
2024-02-20,VMI,Hampton,Away,W,25,6,NA,25,16,41,55,42,49,18,9,25,35,6,4,10,28,19,29,23,9,10,35,6,13,25,17
2024-02-24,VMI,St. Bonaventure,Home,L,17,9,NA,17,7,24,50,36,42,13,8,21,30,9,8,17,35,23,25,12,4,9,30,9,14,17,19
2024-03-02,VMI,"Detroit Mercy Powell, Ohio",Away,L,15,10,NA,15,7,22,45,28,41,22,8,22,29,10,4,14,35,22,20,22,6,7,29,10,12,15,13
2024-03-09,VMI,LIU,Home,W,8,17,NA,8,5,13,37,18,32,17,12,15,29,17,11,28,35,24,27,18,11,14,29,17,7,8,10
2024-03-16,VMI,Siena,Away,L,8,11,NA,8,4,12,36,18,32,24,6,11,23,11,7,18,50,25,30,16,9,12,23,11,14,8,10
2024-03-23,VMI,Sacred Heart,Home,W,8,18,NA,8,5,13,32,20,23,21,9,9,29,18,6,24,53,29,33,17,7,20,29,18,11,8,12
2024-03-27,VMI,Mount St. Mary's,Away,W,12,8,NA,12,7,19,35,23,35,19,9,12,23,8,6,14,34,16,48,21,10,11,23,8,8,12,11
2024-03-30,VMI,Canisius,Home,L,12,8,NA,12,4,16,42,24,24,16,8,9,24,8,5,13,41,21,24,22,5,15,24,8,13,12,12
2024-04-06,VMI,Manhattan,Away,W,8,9,NA,8,5,13,34,18,31,13,9,12,21,9,7,16,38,18,24,15,6,9,21,9,9,8,10
2024-04-10,VMI,Wagner,Home,W,14,10,NA,14,6,20,41,26,33,13,9,14,28,10,7,17,37,24,25,17,3,14,28,10,14,14,12
2024-04-13,VMI,Quinnipiac,Away,W,12,13,NA,12,7,19,33,29,29,11,7,16,28,13,8,21,38,23,28,14,7,12,28,13,10,12,17
2024-04-20,VMI,Marist,Home,L,10,14,NA,10,5,15,40,25,27,14,10,14,28,14,8,22,41,31,25,17,5,14,28,14,17,10,15
2024-02-03,Vermont,Syracuse,Away,L,7,20,NA,7,2,9,30,19,18,17,5,10,31,20,13,33,50,29,30,14,7,21,31,20,9,7,12
2024-02-10,Vermont,Boston U.,Away,L,8,18,NA,8,5,13,23,18,32,27,5,15,28,18,13,31,57,36,40,16,21,13,28,18,18,8,10
2024-02-17,Vermont,Manhattan,Away,W,12,9,NA,12,7,19,38,21,28,13,8,17,24,9,6,15,29,21,20,15,5,7,24,9,12,12,9
2024-02-24,Vermont,Utah,Away,W,12,22,NA,12,7,19,40,29,36,18,2,24,38,22,12,34,53,38,28,11,8,14,38,22,16,12,17
2024-03-02,Vermont,Harvard,Home,L,12,15,NA,12,7,19,25,21,39,21,10,14,29,15,7,22,47,34,35,15,11,15,29,15,19,12,9
2024-03-09,Vermont,Massachusetts,Away,L,13,12,NA,13,11,24,45,32,34,16,9,18,28,12,6,18,30,22,34,16,7,10,28,12,10,13,19
2024-03-14,Vermont,Dartmouth,Home,L,10,11,NA,10,4,14,40,21,34,18,11,11,25,11,9,20,30,21,28,20,8,14,25,11,10,10,11
2024-03-16,Vermont,NJIT,Home,L,12,9,NA,12,5,17,26,18,29,14,8,11,23,9,6,15,27,17,24,18,4,12,23,9,8,12,6
2024-03-23,Vermont,UAlbany,Away,W,11,13,NA,11,4,15,28,20,27,21,6,8,27,13,11,24,39,29,41,18,8,19,27,13,16,11,9
2024-03-30,Vermont,Merrimack,Home,L,20,8,NA,20,15,35,58,38,57,14,13,24,33,8,4,12,32,22,24,23,7,9,33,8,14,20,18
2024-04-06,Vermont,Binghamton,Home,L,10,11,1,10,6,16,34,28,36,13,9,7,25,11,3,14,53,27,35,20,6,18,25,11,16,10,18
2024-04-13,Vermont,Bryant,Away,L,16,12,NA,16,7,23,54,31,39,15,6,17,31,12,5,17,43,35,31,12,7,14,31,12,23,16,15
2024-04-20,Vermont,UMass Lowell,Away,W,18,9,NA,18,10,28,44,30,38,19,8,22,29,9,3,12,27,19,24,17,12,7,29,9,10,18,12
2024-04-27,Vermont,UMBC,Home,W,15,13,NA,15,8,23,37,23,38,18,9,21,32,13,7,20,40,27,26,14,9,11,32,13,14,15,8
2024-05-02,Vermont,"UMBC Albany, N.Y.",Away,W,10,8,NA,10,7,17,35,19,44,27,12,14,22,8,4,12,38,23,39,24,10,8,22,8,15,10,9
2024-05-04,Vermont,UAlbany,Away,W,11,12,NA,11,6,17,30,19,36,20,6,16,25,12,4,16,36,21,36,18,10,9,25,12,9,11,8
2024-02-10,Villanova,Penn St.,Away,W,10,18,NA,10,4,14,45,24,35,24,7,21,32,18,10,28,37,24,35,19,12,11,32,18,6,10,14
2024-02-17,Villanova,Yale,Away,W,11,13,NA,11,5,16,42,22,34,20,6,12,28,13,9,22,48,25,30,15,8,16,28,13,12,11,11
2024-02-24,Villanova,Colgate,Home,L,15,9,NA,15,13,28,39,26,34,18,16,14,26,9,5,14,32,18,20,27,11,12,26,9,9,15,11
2024-03-02,Villanova,Lehigh,Away,W,14,8,NA,14,7,21,39,28,22,15,12,13,26,8,2,10,34,22,26,20,8,13,26,8,14,14,14
2024-03-05,Villanova,Drexel,Away,L,13,12,2,13,7,20,51,24,40,21,11,21,30,12,10,22,31,19,25,20,9,9,30,12,7,13,11
2024-03-09,Villanova,Penn,Home,W,8,11,NA,8,5,13,37,24,33,19,13,18,23,11,8,19,35,20,21,17,8,5,23,11,9,8,16
2024-03-16,Villanova,Monmouth,Home,W,12,11,NA,12,6,18,32,22,31,18,9,19,26,11,8,19,31,19,19,18,6,7,26,11,8,12,10
2024-03-19,Villanova,Navy,Away,W,14,7,NA,14,7,21,44,29,45,21,12,15,24,7,5,12,37,23,39,19,10,9,24,7,16,14,15
2024-03-25,Villanova,Brown,Away,L,9,5,NA,9,6,15,34,21,23,18,8,10,18,5,2,7,33,16,30,18,10,8,18,5,11,9,12
2024-03-30,Villanova,Denver,Home,L,6,9,NA,6,2,8,30,13,21,22,12,6,19,9,6,15,35,22,28,23,14,13,19,9,13,6,7
2024-04-06,Villanova,Providence,Home,L,12,15,NA,12,10,22,50,29,39,17,20,12,31,15,10,25,36,21,33,30,10,19,31,15,6,12,17
2024-04-13,Villanova,St. John's (NY),Away,W,14,9,NA,14,8,22,41,25,27,18,6,15,27,9,4,13,41,21,30,18,8,12,27,9,12,14,11
2024-04-20,Villanova,Marquette,Away,W,12,6,NA,12,7,19,37,25,38,15,9,10,20,6,2,8,30,12,26,20,9,10,20,6,6,12,13
2024-04-26,Villanova,Georgetown,Home,W,4,12,NA,4,2,6,19,11,21,20,11,6,19,12,10,22,43,21,31,16,11,13,19,12,9,4,7
2024-05-02,Villanova,Denver,Home,L,10,9,NA,10,6,16,39,17,31,20,15,6,21,9,6,15,40,21,36,22,11,15,21,9,12,10,7
2024-05-04,Villanova,Georgetown,Home,L,10,11,1,10,5,15,37,22,27,13,11,6,24,11,7,18,41,23,32,18,7,18,24,11,12,10,12
2024-02-10,Virginia,Michigan,Home,W,19,11,NA,19,11,30,54,30,44,14,12,21,32,11,8,19,34,26,31,16,10,11,32,11,15,19,11
2024-02-17,Virginia,Richmond,Away,L,14,10,NA,14,13,27,47,31,30,12,5,15,26,10,6,16,36,22,27,19,5,11,26,10,12,14,17
2024-02-25,Virginia,Ohio St.,Home,L,14,8,NA,14,8,22,48,31,36,11,10,14,26,8,5,13,39,26,30,15,7,12,26,8,18,14,17
2024-03-02,Virginia,Johns Hopkins,Home,L,14,16,NA,14,11,25,43,30,35,16,7,14,34,16,10,26,42,27,44,15,11,20,34,16,11,14,16
2024-03-05,Virginia,Robert Morris,Home,L,16,7,NA,16,10,26,54,33,51,20,14,16,26,7,4,11,35,23,40,23,6,10,26,7,16,16,17
2024-03-09,Virginia,Towson,Away,L,19,15,NA,19,15,34,44,31,35,14,11,17,36,15,12,27,44,28,34,17,5,19,36,15,13,19,12
2024-03-16,Virginia,Maryland,Away,L,14,10,NA,14,7,21,31,22,37,12,12,12,28,10,5,15,35,21,25,17,7,16,28,10,11,14,8
2024-03-19,Virginia,UAlbany,Home,W,16,10,NA,16,11,27,45,27,38,15,14,18,30,10,8,18,46,24,32,18,5,12,30,10,14,16,11
2024-03-23,Virginia,Drexel,Home,L,14,4,NA,14,9,23,55,32,50,19,19,11,21,4,2,6,35,18,38,24,9,10,21,4,14,14,18
2024-03-30,Virginia,Harvard,Away,L,13,10,NA,13,9,22,45,23,41,17,12,14,26,10,7,17,45,27,44,19,12,12,26,10,17,13,10
2024-04-06,Virginia,North Carolina,Home,L,14,6,NA,14,7,21,38,24,34,15,13,11,24,6,5,11,36,17,37,23,7,13,24,6,11,14,10
2024-04-14,Virginia,Duke,Away,W,12,18,NA,12,6,18,45,25,47,15,11,20,34,18,6,24,42,23,34,18,8,14,34,18,5,12,13
2024-04-20,Virginia,Syracuse,Away,W,17,18,NA,17,11,28,49,32,42,16,11,18,39,18,11,29,57,33,42,15,13,21,39,18,15,17,15
2024-04-27,Virginia,Notre Dame,Home,W,9,11,NA,9,4,13,30,20,26,27,13,13,23,11,9,20,42,23,51,21,12,10,23,11,12,9,11
2024-05-03,Virginia,"Notre Dame Charlotte, NC",Away,L,9,18,NA,9,3,12,43,27,25,12,10,12,30,18,12,30,41,26,30,19,5,18,30,18,8,9,18
2024-05-11,Virginia,Saint Joseph's,Home,W,17,11,NA,17,10,27,48,29,40,15,15,17,31,11,4,15,29,22,35,19,7,14,31,11,11,17,12
2024-05-19,Virginia,"Johns Hopkins Towson, Md.",Away,L,11,10,2,11,7,18,50,26,40,19,11,16,26,10,9,19,36,19,27,25,6,10,26,10,9,11,15
2024-05-25,Virginia,"Maryland Philadelphia, PA",Away,L,6,12,NA,6,3,9,39,15,29,15,10,7,22,12,9,21,37,17,38,18,11,15,22,12,5,6,9
2024-02-03,Wagner,Hofstra,Away,L,9,21,NA,9,5,14,28,16,19,21,1,13,32,21,13,34,57,35,33,11,8,19,32,21,14,9,7
2024-02-17,Wagner,Le Moyne,Home,W,6,17,NA,6,3,9,31,20,19,6,9,11,27,17,12,29,28,20,20,16,4,16,27,17,3,6,14
2024-02-24,Wagner,Fairfield,Away,L,9,14,NA,9,6,15,29,15,13,21,4,10,26,14,12,26,54,26,37,12,17,16,26,14,12,9,6
2024-02-27,Wagner,Monmouth,Away,L,6,12,NA,6,4,10,23,15,17,18,5,8,21,12,10,22,38,24,32,13,6,13,21,12,12,6,9
2024-03-02,Wagner,NJIT,Home,W,5,15,NA,5,3,8,27,18,24,23,10,10,22,15,10,25,42,25,28,18,14,12,22,15,10,5,13
2024-03-09,Wagner,Marist,Home,W,9,8,NA,9,6,15,25,16,21,18,6,13,20,8,6,14,45,22,19,11,8,7,20,8,14,9,7
2024-03-12,Wagner,North Carolina,Home,W,4,18,NA,4,1,5,21,9,19,23,4,4,25,18,14,32,59,38,47,17,13,21,25,18,20,4,5
2024-03-16,Wagner,Quinnipiac,Away,L,8,14,NA,8,4,12,35,22,24,16,9,12,26,14,11,25,45,26,25,14,9,14,26,14,12,8,14
2024-03-23,Wagner,Mount St. Mary's,Away,W,7,8,NA,7,4,11,34,18,25,14,9,9,19,8,5,13,27,18,26,16,8,10,19,8,10,7,11
2024-03-27,Wagner,LIU,Home,W,8,14,NA,8,4,12,30,19,21,22,7,13,26,14,11,25,47,29,29,12,11,13,26,14,15,8,11
2024-03-30,Wagner,Siena,Home,W,5,13,NA,5,2,7,35,20,18,21,9,9,20,13,8,21,41,28,32,15,18,11,20,13,15,5,15
2024-04-06,Wagner,Sacred Heart,Away,L,6,19,NA,6,1,7,33,22,25,13,6,10,29,19,14,33,48,27,36,14,6,19,29,19,8,6,16
2024-04-10,Wagner,VMI,Away,W,10,14,NA,10,7,17,37,24,25,17,3,14,28,14,6,20,41,26,33,13,9,14,28,14,12,10,14
2024-04-13,Wagner,Canisius,Home,L,7,9,NA,7,5,12,47,21,32,20,12,7,20,9,5,14,35,22,29,18,8,13,20,9,13,7,14
2024-04-20,Wagner,Manhattan,Away,L,5,10,NA,5,2,7,35,17,25,14,3,7,18,10,6,16,40,20,22,10,5,11,18,10,10,5,12
2024-02-17,Yale,Villanova,Home,W,13,11,NA,13,9,22,48,25,30,15,8,16,28,11,5,16,42,22,34,20,6,12,28,11,11,13,12
2024-02-21,Yale,"Colgate Albany, N.Y.",Away,L,21,11,NA,21,11,32,47,37,50,27,15,23,36,11,4,15,38,25,42,27,12,13,36,11,14,21,16
2024-03-02,Yale,Penn St.,Away,W,14,15,1,14,9,23,56,31,42,16,7,20,33,15,9,24,44,30,31,13,8,13,33,15,15,14,17
2024-03-10,Yale,Denver,Away,L,15,13,NA,15,7,22,57,26,28,15,5,19,32,13,8,21,43,24,17,14,4,13,32,13,11,15,11
2024-03-16,Yale,Harvard,Home,W,17,15,NA,17,12,29,52,36,42,12,11,24,35,15,6,21,35,24,33,14,6,11,35,15,9,17,19
2024-03-23,Yale,Cornell,Away,W,15,18,NA,15,6,21,48,28,44,14,8,21,35,18,11,29,39,32,33,13,10,14,35,18,14,15,13
2024-03-26,Yale,Le Moyne,Home,W,21,10,NA,21,9,30,52,32,46,13,9,25,35,10,5,15,32,16,25,18,4,10,35,10,6,21,11
2024-03-30,Yale,Brown,Away,L,16,10,NA,16,7,23,45,27,41,20,7,25,29,10,4,14,39,25,36,13,9,4,29,10,15,16,11
2024-04-06,Yale,Penn,Home,L,12,9,NA,12,6,18,50,28,38,13,4,14,25,9,7,16,33,19,16,16,3,11,25,9,10,12,16
2024-04-09,Yale,Boston U.,Away,L,18,16,NA,18,11,29,35,24,41,20,6,21,38,16,8,24,64,31,34,16,10,17,38,16,15,18,6
2024-04-13,Yale,Dartmouth,Away,L,20,13,NA,20,12,32,65,39,43,12,11,19,36,13,8,21,36,27,44,20,8,17,36,13,14,20,19
2024-04-16,Yale,Hofstra,Away,L,16,12,NA,16,6,22,29,23,24,19,3,7,31,12,8,20,51,33,37,20,8,24,31,12,21,16,7
2024-04-19,Yale,UAlbany,Home,W,17,10,NA,17,8,25,59,33,26,7,9,12,30,10,3,13,42,21,36,18,4,18,30,10,11,17,16
2024-04-27,Yale,Princeton,Home,W,8,15,NA,8,1,9,37,24,22,9,10,6,27,15,3,18,51,25,43,17,6,21,27,15,10,8,16
2024-05-03,Yale,"Princeton Ithaca, N.Y.",Away,W,10,14,NA,10,4,14,39,26,25,13,7,8,28,14,7,21,43,30,37,15,7,20,28,14,16,10,16
