Date,Team,Opponent,Home / Away,Result,Score,Visitor Score,Overtime,Goals,Assists,Points,Shots,Shots on Goal,Ground Balls,Turnovers,Caused Turnovers,Defensive Goals,Defensive Assists,Defensive Points,Defensive Shots,Defensive Shots on Goal,Defensive Groundball's,Defensive  Turnovers,Defensive  Caused Turnovers,Goals Allowed,Saves,Defensive Goals Allowed,Defensive Saves
2022-02-05,Air Force,Virginia,Away,W,11,21,NA,11,5,16,31,19,30,17,6,21,13,34,51,35,45,13,9,21,14,11,8
2022-02-12,Air Force,Denver,Away,L,9,13,NA,9,6,15,33,16,27,18,7,13,9,22,45,31,37,15,10,13,18,9,7
2022-02-19,Air Force,Colgate,Away,L,8,11,NA,8,5,13,46,27,22,10,9,11,7,18,39,27,32,17,6,11,16,8,19
2022-02-27,Air Force,Jacksonville,Home,W,9,15,NA,9,3,12,41,23,34,17,11,15,10,25,34,25,21,18,7,15,10,9,14
2022-02-28,Air Force,Canisius,Home,W,9,8,1,9,4,13,50,23,28,15,9,8,4,12,36,17,19,12,5,8,9,9,14
2022-03-05,Air Force,Marist,Home,L,17,8,NA,17,10,27,47,25,34,15,12,8,5,13,38,16,33,19,8,8,8,17,8
2022-03-12,Air Force,Bryant,Away,L,16,10,NA,16,6,22,42,27,30,15,8,10,5,15,50,31,36,17,9,10,21,16,11
2022-03-19,Air Force,Mercer,Away,L,13,10,NA,13,7,20,50,26,26,17,10,10,2,12,43,21,18,13,9,10,11,13,13
2022-03-26,Air Force,Marquette,Away,W,16,9,NA,16,10,26,39,26,24,18,4,9,6,15,40,24,26,15,9,9,15,16,10
2022-04-02,Air Force,Utah,Home,W,8,10,NA,8,5,13,46,22,22,18,11,10,7,17,35,21,22,15,8,10,11,8,14
2022-04-09,Air Force,Detroit Mercy,Away,W,13,4,NA,13,6,19,54,30,41,19,11,4,2,6,26,15,34,23,6,4,11,13,17
2022-04-16,Air Force,Cleveland St.,Home,L,12,8,NA,12,5,17,45,30,31,19,11,8,6,14,34,21,27,19,7,8,13,12,18
2022-04-23,Air Force,Robert Morris,Away,W,10,11,NA,10,5,15,49,26,19,11,15,11,7,18,37,18,21,25,8,11,7,10,16
2022-04-30,Air Force,Bellarmine,Home,W,9,7,NA,9,4,13,38,18,41,14,15,7,4,11,25,16,22,18,9,7,9,9,9
2022-05-05,Air Force,"Robert Morris Huntsville, Ala.",Away,W,7,9,NA,7,5,12,51,21,24,22,12,9,5,14,23,20,14,19,9,9,11,7,14
2022-02-12,Army West Point,Massachusetts,Home,W,14,13,NA,14,9,23,28,22,30,17,5,13,7,20,46,31,32,9,8,13,18,14,8
2022-02-19,Army West Point,Rutgers,Away,W,10,13,NA,10,7,17,48,25,25,14,6,13,7,20,46,22,34,15,7,13,9,10,15
2022-02-23,Army West Point,Siena,Home,W,20,10,NA,20,11,31,61,40,36,11,7,10,6,16,39,27,24,13,4,10,17,20,20
2022-02-26,Army West Point,NJIT,Home,L,18,4,NA,18,14,32,62,38,19,10,8,4,2,6,41,28,17,20,5,4,24,18,20
2022-03-02,Army West Point,Syracuse,Away,L,17,13,NA,17,5,22,50,28,29,15,11,13,3,16,39,26,38,19,9,13,13,17,11
2022-03-06,Army West Point,Holy Cross,Home,L,14,8,NA,14,9,23,47,32,29,13,8,8,5,13,44,21,37,18,8,8,13,14,18
2022-03-11,Army West Point,Lafayette,Away,L,18,12,NA,18,14,32,44,29,38,16,7,12,5,17,41,26,35,10,8,12,14,18,11
2022-03-19,Army West Point,Lehigh,Home,L,10,11,NA,10,6,16,38,21,23,13,11,11,4,15,36,21,26,18,6,11,10,10,11
2022-03-26,Army West Point,Loyola Maryland,Away,L,14,12,NA,14,4,18,41,26,34,18,5,12,7,19,50,25,33,15,12,12,13,14,12
2022-04-02,Army West Point,Bucknell,Away,W,10,9,NA,10,5,15,42,26,37,18,7,9,6,15,37,21,30,17,11,9,12,10,16
2022-04-09,Army West Point,Colgate,Home,W,13,11,NA,13,7,20,52,26,30,14,9,11,5,16,34,22,23,17,8,11,11,13,13
2022-04-16,Army West Point,Cornell,Away,L,17,10,NA,17,6,23,44,28,37,19,3,10,5,15,36,22,30,14,10,10,12,17,11
2022-04-23,Army West Point,Navy,Home,L,11,12,1,11,3,14,45,22,36,14,9,12,8,20,35,15,24,19,5,12,3,11,11
2022-04-29,Army West Point,Boston U.,Away,L,15,14,NA,15,11,26,51,31,38,12,10,14,6,20,37,20,39,22,9,14,6,15,16
2022-05-06,Army West Point,"Loyola Maryland Boston, Mass.",Away,L,14,13,NA,14,8,22,54,28,30,12,6,13,7,20,31,21,33,15,6,13,8,14,14
2022-05-08,Army West Point,Boston U.,Away,W,10,14,NA,10,5,15,39,25,35,24,8,14,7,21,49,27,32,20,14,14,13,10,15
2022-01-29,Bellarmine,Mercer,Away,W,4,9,NA,4,3,7,28,10,10,19,11,9,6,15,29,16,23,17,8,9,7,4,6
2022-02-05,Bellarmine,Michigan,Away,W,13,22,NA,13,6,19,36,21,26,22,13,22,13,35,57,38,50,21,6,22,16,13,8
2022-02-12,Bellarmine,Marquette,Home,L,8,9,3,8,6,14,28,20,19,23,10,9,6,15,46,23,27,21,11,9,14,8,12
2022-02-19,Bellarmine,Canisius,Home,L,11,13,NA,11,5,16,36,21,23,16,14,13,9,22,34,21,23,19,5,13,8,11,10
2022-02-22,Bellarmine,St. Bonaventure,Away,W,12,13,NA,12,6,18,45,31,37,15,9,13,10,23,32,24,31,19,10,13,11,12,19
2022-02-26,Bellarmine,Hampton,Home,L,23,3,NA,23,15,38,59,34,41,18,17,3,1,4,18,10,24,34,6,3,7,23,11
2022-03-01,Bellarmine,Bryant,Away,W,12,16,NA,12,8,20,37,28,31,17,7,16,11,27,50,28,33,14,11,16,12,12,16
2022-03-05,Bellarmine,High Point,Away,L,4,15,NA,4,1,5,24,13,19,21,7,15,11,26,57,30,31,17,12,15,15,4,9
2022-03-11,Bellarmine,Jacksonville,Home,W,2,16,NA,2,1,3,18,12,23,33,14,16,12,28,43,33,36,32,9,16,17,2,10
2022-03-19,Bellarmine,VMI,Away,W,17,8,NA,17,13,30,39,25,36,20,10,8,6,14,34,18,32,22,12,8,10,17,8
2022-03-26,Bellarmine,North Carolina,Away,L,8,15,NA,8,6,14,26,17,17,14,5,15,11,26,48,31,36,13,4,15,16,8,9
2022-04-02,Bellarmine,Cleveland St.,Home,W,15,11,NA,15,9,24,42,23,27,11,9,11,5,16,36,16,14,14,2,11,5,15,8
2022-04-09,Bellarmine,Robert Morris,Away,L,9,12,NA,9,7,16,31,18,28,17,6,12,7,19,35,23,32,15,12,12,11,9,9
2022-04-16,Bellarmine,Detroit Mercy,Home,L,13,8,NA,13,7,20,47,24,25,16,10,8,4,12,37,21,18,17,8,8,13,13,11
2022-04-23,Bellarmine,Utah,Home,L,11,12,NA,11,7,18,40,20,18,15,10,12,8,20,43,27,26,14,6,12,15,11,9
2022-04-30,Bellarmine,Air Force,Away,W,7,9,NA,7,4,11,25,16,22,18,9,9,4,13,38,18,41,14,15,9,9,7,9
2022-05-05,Bellarmine,"Utah Huntsville, Ala.",Away,W,11,12,1,11,5,16,40,21,22,21,9,12,8,20,40,24,31,19,10,12,12,11,10
2022-02-12,Binghamton,Marist,Home,W,9,11,NA,9,5,14,48,22,27,20,6,11,8,19,44,24,18,16,9,11,13,9,13
2022-02-22,Binghamton,Princeton,Away,L,9,22,NA,9,4,13,36,24,30,22,6,22,13,35,53,34,44,14,15,22,12,9,15
2022-02-26,Binghamton,Lafayette,Away,L,13,12,1,13,9,22,26,19,28,18,3,12,8,20,44,31,26,10,7,12,19,13,6
2022-03-05,Binghamton,Bucknell,Away,W,11,17,NA,11,6,17,38,22,25,14,8,17,13,30,56,35,39,17,10,17,18,11,11
2022-03-08,Binghamton,Hofstra,Away,W,12,6,NA,12,4,16,42,22,36,25,10,6,4,10,31,11,22,21,6,6,5,12,10
2022-03-14,Binghamton,Fairfield,Home,L,11,16,NA,11,4,15,53,32,37,18,11,16,10,26,45,27,25,21,6,16,11,11,21
2022-03-19,Binghamton,UAlbany,Away,L,18,10,NA,18,12,30,42,32,40,14,8,10,8,18,37,22,39,16,9,10,12,18,14
2022-03-26,Binghamton,UMBC,Home,L,12,8,NA,12,4,16,38,22,25,18,8,8,6,14,27,18,21,19,6,8,10,12,10
2022-03-29,Binghamton,Lehigh,Home,L,10,12,NA,10,3,13,32,18,29,17,8,12,9,21,39,25,29,16,7,12,13,10,8
2022-04-16,Binghamton,Stony Brook,Home,L,3,7,NA,3,3,6,29,13,8,25,5,7,4,11,48,27,17,9,5,7,20,3,10
2022-04-19,Binghamton,NJIT,Away,W,18,8,NA,18,14,32,47,33,37,17,6,8,4,12,56,27,30,14,9,8,19,18,15
2022-04-23,Binghamton,Vermont,Away,W,10,17,NA,10,7,17,23,16,25,21,10,17,13,30,47,33,42,17,14,17,16,10,6
2022-04-30,Binghamton,UMass Lowell,Home,L,7,9,NA,7,5,12,43,19,13,17,8,9,4,13,41,22,10,19,6,9,13,7,12
2022-05-05,Binghamton,"UMBC Burlington, Vt.",Away,W,6,7,NA,6,4,10,32,15,23,16,6,7,3,10,24,16,31,23,9,7,9,6,9
2022-02-12,Boston U.,Merrimack,Home,W,12,10,NA,12,7,19,55,35,43,17,13,10,6,16,33,22,21,21,6,10,12,12,23
2022-02-19,Boston U.,Bryant,Home,L,13,8,NA,13,6,19,32,18,35,19,13,8,3,11,41,22,26,18,9,8,14,13,5
2022-02-26,Boston U.,Massachusetts,Home,L,16,7,NA,16,8,24,39,26,30,18,11,7,5,12,35,19,31,22,3,7,12,16,10
2022-03-05,Boston U.,Colgate,Away,W,18,6,NA,18,14,32,45,28,38,15,12,6,2,8,33,21,28,17,5,6,15,18,10
2022-03-12,Boston U.,Bucknell,Home,L,12,7,NA,12,8,20,47,18,40,23,15,7,5,12,39,19,39,22,12,7,12,12,6
2022-03-19,Boston U.,Holy Cross,Away,L,16,10,NA,16,8,24,51,31,33,19,10,10,7,17,34,25,27,20,9,10,15,16,15
2022-03-22,Boston U.,Harvard,Away,W,10,13,NA,10,5,15,44,22,36,21,15,13,6,19,37,25,36,22,7,13,12,10,12
2022-03-26,Boston U.,Lafayette,Home,W,21,11,NA,21,18,39,49,29,51,21,12,11,8,19,39,27,29,15,12,11,16,21,8
2022-04-02,Boston U.,Navy,Home,L,17,9,NA,17,11,28,49,25,42,19,11,9,4,13,29,17,27,23,11,9,8,17,8
2022-04-05,Boston U.,Yale,Home,L,15,22,NA,15,10,25,58,31,30,14,14,22,17,39,50,30,56,22,8,22,8,15,16
2022-04-09,Boston U.,Princeton,Away,L,7,12,NA,7,1,8,43,21,38,23,12,12,9,21,43,22,45,23,12,12,10,7,14
2022-04-16,Boston U.,Loyola Maryland,Away,W,14,9,NA,14,9,23,41,27,33,13,6,9,8,17,35,22,33,17,8,9,13,14,13
2022-04-23,Boston U.,Lehigh,Away,L,9,8,NA,9,7,16,32,23,34,21,11,8,7,15,28,18,30,16,14,8,10,9,14
2022-04-29,Boston U.,Army West Point,Home,L,14,15,NA,14,6,20,37,20,39,22,9,15,11,26,51,31,38,12,10,15,16,14,6
2022-05-06,Boston U.,Lehigh,Home,W,13,12,1,13,11,24,53,28,35,14,14,12,7,19,36,23,41,22,10,12,11,13,15
2022-05-08,Boston U.,Army West Point,Home,W,14,10,NA,14,7,21,49,27,32,20,14,10,5,15,39,25,35,24,8,10,15,14,13
2022-05-14,Boston U.,Princeton,Away,L,5,12,NA,5,3,8,30,20,29,20,13,12,7,19,43,21,50,24,15,12,9,5,15
2022-02-19,Brown,Quinnipiac,Home,W,19,13,NA,19,9,28,51,30,27,10,3,13,6,19,46,30,21,11,5,13,17,19,11
2022-02-23,Brown,North Carolina,Away,W,11,14,NA,11,6,17,38,28,24,16,5,14,11,25,48,24,41,21,11,14,10,11,17
2022-02-26,Brown,Vermont,Home,W,12,11,NA,12,9,21,47,21,25,20,11,11,7,18,48,23,33,23,12,11,12,12,9
2022-03-01,Brown,Villanova,Home,W,15,14,NA,15,12,27,39,27,30,22,10,14,12,26,41,26,29,20,11,14,12,15,12
2022-03-05,Brown,Providence,Away,L,22,10,NA,22,10,32,51,29,36,13,6,10,4,14,50,24,25,13,7,10,14,22,7
2022-03-12,Brown,Stony Brook,Home,L,10,7,NA,10,5,15,31,21,30,20,15,7,1,8,42,25,28,22,11,7,18,10,11
2022-03-19,Brown,Harvard,Away,W,11,12,NA,11,7,18,48,29,27,20,6,12,8,20,34,20,23,19,6,12,8,11,18
2022-03-26,Brown,Massachusetts,Home,W,7,10,NA,7,4,11,46,21,21,11,3,10,5,15,40,22,24,14,2,10,12,7,14
2022-04-02,Brown,Princeton,Home,W,9,17,NA,9,4,13,45,24,28,14,7,17,6,23,42,27,32,12,5,17,10,9,15
2022-04-09,Brown,Penn,Away,L,12,10,NA,12,7,19,47,29,31,15,5,10,8,18,46,23,27,17,8,10,13,12,17
2022-04-16,Brown,Yale,Home,W,20,13,NA,20,11,31,60,35,38,10,10,13,8,21,52,28,32,19,3,13,15,20,15
2022-04-23,Brown,Cornell,Away,W,13,8,NA,13,11,24,36,28,26,20,3,8,5,13,56,32,36,10,7,8,24,13,15
2022-04-26,Brown,Bryant,Home,L,16,9,NA,16,10,26,50,28,29,19,10,9,6,15,48,28,30,20,7,9,19,16,12
2022-04-30,Brown,Dartmouth,Home,L,15,6,NA,15,10,25,52,30,33,18,7,6,4,10,35,17,22,17,4,6,11,15,15
2022-05-06,Brown,Penn,Home,W,9,14,NA,9,4,13,45,29,31,14,9,14,10,24,41,23,31,22,7,14,9,9,20
2022-05-14,Brown,Virginia,Home,L,10,17,NA,10,6,16,44,26,20,14,10,17,10,27,46,26,32,20,8,17,9,10,16
2022-02-12,Bryant,Providence,Away,W,19,7,NA,19,10,29,57,35,44,17,13,7,2,9,32,22,31,19,7,7,15,19,16
2022-02-19,Bryant,Boston U.,Away,L,8,13,NA,8,3,11,41,22,26,18,9,13,6,19,32,18,35,19,13,13,5,8,14
2022-02-26,Bryant,Dartmouth,Home,W,9,11,NA,9,4,13,51,28,34,20,11,11,4,15,40,21,30,24,13,11,10,9,19
2022-03-01,Bryant,Bellarmine,Home,W,16,12,NA,16,11,27,50,28,33,14,11,12,8,20,37,28,31,17,7,12,16,16,12
2022-03-05,Bryant,Vermont,Away,L,6,16,NA,6,3,9,33,19,28,13,9,16,9,25,42,33,33,14,11,16,17,6,13
2022-03-12,Bryant,Air Force,Home,L,10,16,NA,10,5,15,50,31,36,17,9,16,6,22,42,27,30,15,8,16,11,10,21
2022-03-19,Bryant,Merrimack,Home,L,16,4,NA,16,6,22,43,27,29,19,9,4,3,7,34,20,24,18,8,4,16,16,11
2022-03-26,Bryant,Hobart,Away,L,14,11,NA,14,8,22,40,21,33,22,8,11,8,19,54,20,31,16,10,11,9,14,7
2022-04-02,Bryant,LIU,Home,W,8,4,NA,8,5,13,39,26,39,21,9,4,2,6,35,24,20,16,9,4,20,8,18
2022-04-09,Bryant,Saint Joseph's,Away,W,10,11,NA,10,6,16,40,20,28,23,4,11,8,19,49,22,23,15,9,11,11,10,10
2022-04-16,Bryant,Sacred Heart,Home,W,22,10,NA,22,12,34,47,33,44,24,13,10,6,16,31,22,30,21,12,10,12,22,11
2022-04-23,Bryant,Mount St. Mary's,Away,W,14,7,NA,14,9,23,46,26,30,20,6,7,6,13,38,18,29,21,11,7,11,14,12
2022-04-26,Bryant,Brown,Away,L,9,16,NA,9,6,15,48,28,30,20,7,16,10,26,50,28,29,19,10,16,12,9,19
2022-04-30,Bryant,Wagner,Home,L,15,6,NA,15,11,26,52,41,41,16,9,6,3,9,35,20,25,18,9,6,14,15,26
2022-05-05,Bryant,"Hobart Philadelphia, Pa.",Away,L,5,21,NA,5,1,6,37,18,36,21,11,21,9,30,54,38,38,16,14,21,17,5,13
2022-02-05,Bucknell,Mercer,Away,L,16,14,NA,16,12,28,36,29,22,16,6,14,10,24,51,24,26,13,11,14,10,16,13
2022-02-12,Bucknell,Robert Morris,Away,L,14,12,NA,14,7,21,39,29,22,20,9,12,8,20,43,20,25,23,8,12,8,14,15
2022-02-19,Bucknell,St. John's (NY),Home,L,23,7,NA,23,16,39,56,35,52,21,14,7,4,11,28,11,22,27,7,7,4,23,12
2022-02-26,Bucknell,Marist,Away,W,15,7,NA,15,5,20,53,37,53,7,8,7,4,11,31,16,21,17,4,7,9,15,22
2022-03-05,Bucknell,Binghamton,Home,W,17,11,NA,17,13,30,56,35,39,17,10,11,6,17,38,22,25,14,8,11,11,17,18
2022-03-12,Bucknell,Boston U.,Away,L,7,12,NA,7,5,12,39,19,39,22,12,12,8,20,47,18,40,23,15,12,6,7,12
2022-03-15,Bucknell,Penn St.,Home,W,12,11,NA,12,7,19,45,25,41,17,13,11,7,18,40,22,34,25,11,11,11,12,13
2022-03-19,Bucknell,Loyola Maryland,Away,L,9,13,NA,9,4,13,40,22,30,20,7,13,8,21,41,27,42,18,11,13,14,9,13
2022-03-26,Bucknell,Colgate,Home,L,14,6,NA,14,8,22,40,29,37,14,10,6,1,7,42,22,22,20,4,6,16,14,15
2022-04-02,Bucknell,Army West Point,Home,W,9,10,NA,9,6,15,37,21,30,17,11,10,5,15,42,26,37,18,7,10,16,9,12
2022-04-10,Bucknell,Lehigh,Away,W,12,13,NA,12,6,18,42,25,35,11,15,13,7,20,44,28,43,19,7,13,15,12,13
2022-04-17,Bucknell,Holy Cross,Home,L,23,7,NA,23,19,42,65,43,49,17,9,7,4,11,29,15,27,21,8,7,8,23,20
2022-04-22,Bucknell,Lafayette,Home,W,19,16,NA,19,10,29,50,30,40,16,14,16,7,23,34,26,33,20,6,16,10,19,11
2022-04-29,Bucknell,Navy,Away,L,6,13,NA,6,4,10,42,22,33,15,7,13,10,23,48,25,41,17,6,13,12,6,16
2022-05-03,Bucknell,Loyola Maryland,Away,L,7,11,NA,7,4,11,38,20,20,12,6,11,8,19,44,27,33,13,5,11,16,7,13
2022-02-12,Canisius,Hobart,Away,W,13,22,NA,13,4,17,43,25,26,17,3,22,14,36,60,40,43,13,12,22,18,13,12
2022-02-19,Canisius,Bellarmine,Away,L,13,11,NA,13,9,22,34,21,23,19,5,11,5,16,36,21,23,16,14,11,10,13,8
2022-02-22,Canisius,Michigan,Away,W,10,23,NA,10,2,12,46,23,32,17,6,23,14,37,56,40,40,13,13,23,17,10,13
2022-02-27,Canisius,Denver,Away,L,9,20,NA,9,4,13,42,14,34,20,4,20,11,31,55,31,31,12,10,20,11,9,5
2022-02-28,Canisius,Air Force,Away,W,8,9,1,8,4,12,36,17,19,12,5,9,4,13,50,23,28,15,9,9,14,8,9
2022-03-06,Canisius,Cleveland St.,Home,L,10,12,NA,10,5,15,49,25,38,15,8,12,6,18,48,26,33,18,5,12,14,10,15
2022-03-09,Canisius,Robert Morris,Away,L,6,23,NA,6,4,10,34,21,24,25,2,23,12,35,51,39,33,11,17,23,16,6,15
2022-03-20,Canisius,Siena,Home,W,9,8,NA,9,5,14,40,21,33,22,3,8,5,13,34,18,15,16,9,8,10,9,12
2022-03-26,Canisius,Vermont,Away,L,6,15,NA,6,2,8,23,16,29,18,10,15,10,25,57,34,35,15,9,15,19,6,10
2022-04-02,Canisius,Manhattan,Away,W,11,14,NA,11,5,16,33,18,27,17,8,14,6,20,30,19,21,13,9,14,5,11,7
2022-04-09,Canisius,Quinnipiac,Home,L,10,15,NA,10,9,19,36,22,24,17,5,15,8,23,54,28,37,14,7,15,13,10,12
2022-04-16,Canisius,Monmouth,Away,W,4,6,NA,4,3,7,27,16,24,21,7,6,3,9,37,24,31,16,14,6,18,4,12
2022-04-23,Canisius,Marist,Home,W,7,13,NA,7,5,12,34,18,29,25,6,13,8,21,54,31,33,16,9,13,18,7,11
2022-04-30,Canisius,St. Bonaventure,Away,W,12,13,NA,12,6,18,52,28,34,13,4,13,8,21,35,21,30,14,9,13,8,12,16
2022-02-12,Cleveland St.,Ohio St.,Away,L,9,17,NA,9,4,13,32,16,17,19,6,17,10,27,53,29,49,19,10,17,12,9,7
2022-02-19,Cleveland St.,Mercer,Home,W,9,11,NA,9,5,14,49,27,28,15,6,11,3,14,43,22,33,15,6,11,11,9,18
2022-02-26,Cleveland St.,Michigan,Away,L,5,13,NA,5,2,7,32,16,16,26,7,13,9,22,49,30,31,19,14,13,17,5,11
2022-03-06,Cleveland St.,Canisius,Away,L,12,10,NA,12,6,18,48,26,33,18,5,10,5,15,49,25,38,15,8,10,15,12,14
2022-03-11,Cleveland St.,St. Bonaventure,Away,L,5,12,NA,5,4,9,32,24,21,13,6,12,6,18,40,24,27,17,7,12,12,5,19
2022-03-13,Cleveland St.,St. Bonaventure,Home,L,10,11,NA,10,8,18,51,24,36,15,6,11,6,17,38,25,26,13,4,11,14,10,14
2022-03-19,Cleveland St.,Hampton,Away,W,19,6,NA,19,15,34,52,33,42,18,10,6,4,10,34,25,31,24,3,6,19,19,14
2022-03-26,Cleveland St.,VMI,Home,W,22,10,NA,22,14,36,45,30,50,17,8,10,4,14,35,21,26,15,5,10,11,22,8
2022-04-02,Cleveland St.,Bellarmine,Away,W,11,15,NA,11,5,16,36,16,14,14,2,15,9,24,42,23,27,11,9,15,8,11,5
2022-04-09,Cleveland St.,Utah,Home,L,11,15,NA,11,6,17,43,25,26,13,4,15,10,25,48,36,41,13,4,15,21,11,14
2022-04-16,Cleveland St.,Air Force,Away,L,8,12,NA,8,6,14,34,21,27,19,7,12,5,17,45,30,31,19,11,12,18,8,13
2022-04-23,Cleveland St.,Detroit Mercy,Away,W,12,13,NA,12,6,18,36,23,33,16,7,13,5,18,40,25,37,13,7,13,12,12,11
2022-04-30,Cleveland St.,Robert Morris,Home,L,12,19,NA,12,8,20,46,34,40,19,5,19,15,34,48,33,45,13,7,19,14,12,22
2022-02-11,Colgate,High Point,Away,W,10,11,1,10,5,15,42,23,22,17,6,11,2,13,43,21,19,13,9,11,10,10,13
2022-02-13,Colgate,North Carolina,Away,L,9,15,NA,9,4,13,33,17,21,22,5,15,9,24,48,28,27,13,8,15,13,9,8
2022-02-19,Colgate,Air Force,Home,L,11,8,NA,11,7,18,39,27,32,17,6,8,5,13,46,27,22,10,9,8,19,11,16
2022-03-05,Colgate,Boston U.,Home,W,6,18,NA,6,2,8,33,21,28,17,5,18,14,32,45,28,38,15,12,18,10,6,15
2022-03-13,Colgate,Navy,Away,W,10,11,NA,10,3,13,28,18,32,19,10,11,9,20,39,23,33,18,5,11,12,10,8
2022-03-19,Colgate,Lafayette,Home,L,14,7,NA,14,7,21,40,22,29,19,3,7,7,14,39,24,18,10,3,7,17,14,8
2022-03-26,Colgate,Bucknell,Away,L,6,14,NA,6,1,7,42,22,22,20,4,14,8,22,40,29,37,14,10,14,15,6,16
2022-03-29,Colgate,Cornell,Home,W,9,16,NA,9,5,14,40,21,29,16,5,16,12,28,45,29,29,13,6,16,13,9,12
2022-04-02,Colgate,Harvard,Away,W,6,7,NA,6,6,12,31,14,29,22,7,7,4,11,38,22,31,20,7,7,15,6,8
2022-04-09,Colgate,Army West Point,Away,W,11,13,NA,11,5,16,34,22,23,17,8,13,7,20,52,26,30,14,9,13,13,11,11
2022-04-16,Colgate,Lehigh,Home,W,9,8,1,9,3,12,38,21,18,7,8,8,4,12,42,23,29,18,5,8,15,9,12
2022-04-23,Colgate,Loyola Maryland,Home,L,10,11,1,10,5,15,46,21,24,17,6,11,6,17,31,20,23,13,6,11,9,10,11
2022-04-29,Colgate,Holy Cross,Away,L,14,12,NA,14,7,21,46,31,27,14,7,12,5,17,35,22,24,19,7,12,10,14,17
2022-02-19,Cornell,UAlbany,Home,L,16,8,NA,16,11,27,38,25,31,18,7,8,8,16,39,17,31,25,6,8,9,16,9
2022-02-26,Cornell,Lehigh,Away,L,9,5,NA,9,4,13,34,20,35,18,8,5,2,7,44,20,30,15,11,5,15,9,11
2022-03-01,Cornell,Hobart,Home,W,15,12,NA,15,9,24,51,28,38,19,10,12,4,16,38,22,32,14,11,12,10,15,13
2022-03-05,Cornell,Ohio St.,Home,W,14,11,NA,14,8,22,41,24,29,15,7,11,5,16,35,22,29,17,7,11,11,14,10
2022-03-12,Cornell,Penn St.,Away,L,16,15,NA,16,9,25,51,32,41,13,8,15,11,26,45,26,35,16,6,15,11,16,16
2022-03-19,Cornell,Yale,Home,W,13,12,NA,13,6,19,47,31,38,15,13,12,4,16,51,30,49,18,9,12,18,13,18
2022-03-26,Cornell,Penn,Away,W,11,15,NA,11,8,19,42,26,24,14,12,15,9,24,52,27,46,20,11,15,12,11,15
2022-03-29,Cornell,Colgate,Away,W,16,9,NA,16,12,28,45,29,29,13,6,9,5,14,40,21,29,16,5,9,12,16,13
2022-04-02,Cornell,Dartmouth,Away,L,8,7,NA,8,4,12,38,24,27,15,11,7,5,12,44,15,34,19,2,7,8,8,16
2022-04-09,Cornell,Harvard,Home,L,17,9,NA,17,10,27,40,31,43,21,10,9,3,12,38,21,33,19,9,9,12,17,14
2022-04-11,Cornell,Syracuse,Away,L,16,15,1,16,10,26,41,24,28,12,3,15,5,20,43,23,26,9,10,15,8,16,8
2022-04-16,Cornell,Army West Point,Home,L,10,17,NA,10,5,15,36,22,30,14,10,17,6,23,44,28,37,19,3,17,11,10,12
2022-04-23,Cornell,Brown,Home,W,8,13,NA,8,5,13,56,32,36,10,7,13,11,24,36,28,26,20,3,13,15,8,24
2022-04-30,Cornell,Princeton,Away,L,18,15,NA,18,8,26,52,30,48,12,9,15,8,23,43,25,38,14,8,15,10,18,12
2022-05-06,Cornell,"Yale Providence, R.I.",Away,W,11,14,NA,11,4,15,46,25,35,16,7,14,8,22,52,27,34,17,7,14,13,11,14
2022-05-15,Cornell,Ohio St.,Home,L,15,8,NA,15,10,25,43,29,33,13,8,8,3,11,32,21,23,16,5,8,13,15,14
2022-05-22,Cornell,"Delaware Columbus, Ohio",Away,W,10,8,NA,10,2,12,37,22,37,18,8,8,7,15,39,23,30,12,10,8,15,10,12
2022-05-28,Cornell,"Rutgers East Hartford, Conn.",Away,L,17,10,NA,17,5,22,37,30,45,12,6,10,7,17,45,26,36,15,6,10,16,17,13
2022-05-30,Cornell,"Maryland East Hartford, Conn.",Away,W,7,9,NA,7,4,11,40,24,32,14,11,9,9,18,37,18,43,22,8,9,9,7,17
2022-02-19,Dartmouth,Merrimack,Home,L,6,8,NA,6,2,8,45,27,26,18,8,8,5,13,38,24,24,16,7,8,16,6,21
2022-02-26,Dartmouth,Bryant,Away,W,11,9,NA,11,4,15,40,21,30,24,13,9,4,13,51,28,34,20,11,9,19,11,10
2022-03-05,Dartmouth,Siena,Away,W,11,9,NA,11,8,19,52,25,41,16,11,9,7,16,35,18,31,22,9,9,9,11,14
2022-03-08,Dartmouth,Vermont,Home,W,8,7,NA,8,6,14,31,17,33,29,11,7,5,12,41,27,24,22,16,7,20,8,9
2022-03-19,Dartmouth,St. John's (NY),Home,W,17,10,NA,17,13,30,53,32,36,12,10,10,10,20,29,18,28,20,4,10,8,17,15
2022-03-22,Dartmouth,Ohio St.,Away,L,6,12,NA,6,1,7,36,18,26,14,5,12,8,20,44,26,36,16,2,12,14,6,12
2022-03-26,Dartmouth,Harvard,Away,W,10,19,NA,10,4,14,30,20,33,17,6,19,6,25,51,32,42,16,11,19,13,10,10
2022-04-02,Dartmouth,Cornell,Home,L,7,8,NA,7,5,12,44,15,34,19,2,8,4,12,38,24,27,15,11,8,16,7,8
2022-04-05,Dartmouth,Stony Brook,Home,L,13,14,NA,13,8,21,49,29,37,17,9,14,6,20,37,25,31,19,9,14,11,13,16
2022-04-09,Dartmouth,Yale,Home,W,6,23,NA,6,5,11,37,17,31,22,4,23,14,37,62,34,34,16,9,23,11,6,11
2022-04-16,Dartmouth,Princeton,Away,W,10,12,NA,10,5,15,41,25,37,20,5,12,7,19,54,28,36,15,18,12,16,10,15
2022-04-23,Dartmouth,Penn,Home,L,12,16,NA,12,6,18,42,24,33,18,8,16,7,23,33,25,29,20,13,16,9,12,12
2022-04-30,Dartmouth,Brown,Away,L,6,15,NA,6,4,10,35,17,22,17,4,15,10,25,52,30,33,18,7,15,15,6,11
2022-02-05,Delaware,NJIT,Home,L,19,9,NA,19,9,28,34,26,24,13,9,9,6,15,30,15,27,25,3,9,6,19,7
2022-02-12,Delaware,Mount St. Mary's,Home,L,12,6,NA,12,8,20,45,22,43,23,9,6,2,8,43,22,32,19,12,6,16,12,10
2022-02-15,Delaware,Saint Joseph's,Away,L,12,11,NA,12,6,18,35,26,23,12,8,11,8,19,37,22,23,20,6,11,11,12,14
2022-02-22,Delaware,Duke,Away,W,14,19,NA,14,5,19,38,25,21,11,3,19,9,28,45,30,36,15,5,19,11,14,11
2022-02-26,Delaware,Monmouth,Home,L,17,6,NA,17,11,28,57,37,32,9,9,6,4,10,26,14,26,20,6,6,8,17,20
2022-03-05,Delaware,Michigan,Away,L,8,18,NA,8,5,13,51,28,25,12,5,18,12,30,51,30,27,12,8,18,12,8,20
2022-03-11,Delaware,Marist,Home,L,18,9,NA,18,13,31,58,33,34,14,7,9,5,14,33,14,23,17,7,9,5,18,15
2022-03-20,Delaware,Johns Hopkins,Home,W,12,10,NA,12,8,20,38,25,34,18,7,10,8,18,45,22,26,15,11,10,12,12,13
2022-03-26,Delaware,Villanova,Away,W,13,18,NA,13,7,20,43,30,33,15,3,18,14,32,50,28,31,14,11,18,10,13,17
2022-04-02,Delaware,Massachusetts,Away,W,10,11,1,10,6,16,44,30,28,9,3,11,5,16,42,27,40,17,4,11,16,10,20
2022-04-09,Delaware,Hofstra,Home,L,11,12,NA,11,5,16,32,22,32,11,8,12,5,17,44,27,27,17,6,12,15,11,11
2022-04-16,Delaware,Towson,Home,W,11,10,NA,11,6,17,32,24,27,16,11,10,6,16,47,27,32,16,11,10,17,11,13
2022-04-23,Delaware,Drexel,Away,L,16,15,NA,16,8,24,44,28,26,10,4,15,11,26,36,24,25,12,0,15,9,16,12
2022-04-30,Delaware,Fairfield,Away,L,14,12,NA,14,10,24,41,21,32,20,7,12,5,17,54,31,41,8,12,12,19,14,7
2022-05-05,Delaware,Drexel,Away,W,19,6,NA,19,13,32,47,29,29,12,4,6,3,9,35,15,19,14,5,6,9,19,10
2022-05-07,Delaware,"Towson Philadelphia, Pa.",Away,W,11,6,NA,11,3,14,42,26,29,17,8,6,4,10,29,12,22,20,2,6,6,11,15
2022-05-11,Delaware,Robert Morris,Home,L,20,8,NA,20,12,32,51,33,38,13,11,8,5,13,30,17,21,17,6,8,9,20,13
2022-05-15,Delaware,Georgetown,Away,W,10,9,NA,10,7,17,36,22,28,12,7,9,4,13,46,23,30,14,8,9,14,10,12
2022-05-22,Delaware,"Cornell Columbus, Ohio",Away,L,8,10,NA,8,7,15,39,23,30,12,10,10,2,12,37,22,37,18,8,10,12,8,15
2022-02-05,Denver,Utah,Away,L,14,13,NA,14,8,22,41,24,31,15,5,13,10,23,42,25,30,13,8,13,12,14,10
2022-02-12,Denver,Air Force,Home,L,13,9,NA,13,9,22,45,31,37,15,10,9,6,15,33,16,27,18,7,9,7,13,18
2022-02-19,Denver,Duke,Away,W,10,19,NA,10,6,16,42,21,19,17,7,19,10,29,44,33,36,15,8,19,14,10,11
2022-02-26,Denver,Jacksonville,Home,W,9,11,NA,9,3,12,38,20,22,22,8,11,7,18,39,29,42,21,13,11,18,9,11
2022-02-27,Denver,Canisius,Home,L,20,9,NA,20,11,31,55,31,31,12,10,9,4,13,42,14,34,20,4,9,5,20,11
2022-03-05,Denver,North Carolina,Away,W,16,17,NA,16,11,27,40,30,18,16,1,17,12,29,55,31,34,12,7,17,14,16,14
2022-03-13,Denver,Yale,Home,L,13,16,NA,13,8,21,58,28,32,10,7,16,8,24,42,25,25,10,4,16,9,13,15
2022-03-20,Denver,Ohio St.,Away,L,14,12,NA,14,10,24,44,22,24,11,8,12,5,17,43,23,19,12,3,12,11,14,8
2022-03-26,Denver,Towson,Home,L,12,9,NA,12,10,22,52,31,36,10,4,9,4,13,37,19,16,9,1,9,10,12,19
2022-04-02,Denver,Georgetown,Home,W,9,17,NA,9,8,17,36,22,23,14,4,17,13,30,58,34,33,15,5,17,17,9,13
2022-04-09,Denver,Villanova,Away,L,12,10,NA,12,5,17,40,22,22,13,7,10,6,16,48,25,24,11,5,10,15,12,10
2022-04-16,Denver,St. John's (NY),Home,L,18,4,NA,18,12,30,54,33,37,7,12,4,4,8,25,16,25,17,3,4,12,18,15
2022-04-23,Denver,Providence,Away,W,16,3,NA,16,9,25,41,22,28,19,7,3,3,6,39,16,28,21,4,3,13,16,6
2022-04-29,Denver,Marquette,Home,L,16,8,NA,16,10,26,49,32,32,10,6,8,5,13,36,20,31,16,8,8,12,16,16
2022-05-05,Denver,"Villanova Washington, D.C.",Away,W,14,15,NA,14,9,23,53,27,29,14,5,15,9,24,42,25,34,13,10,15,10,14,13
2022-02-05,Detroit Mercy,Ohio St.,Away,L,7,18,NA,7,0,7,27,16,27,20,10,18,11,29,49,31,47,18,11,18,13,7,9
2022-02-12,Detroit Mercy,Michigan,Away,L,5,21,NA,5,3,8,25,13,32,28,3,21,13,34,66,49,48,14,18,21,28,5,8
2022-02-19,Detroit Mercy,Notre Dame,Away,W,2,24,NA,2,1,3,38,20,25,21,5,24,15,39,53,37,33,18,11,24,13,2,18
2022-03-05,Detroit Mercy,Marquette,Away,L,7,13,NA,7,4,11,38,13,26,22,11,13,6,19,46,28,35,23,14,13,15,7,6
2022-03-12,Detroit Mercy,VMI,Home,W,16,11,NA,16,6,22,50,26,40,12,7,11,5,16,35,18,28,21,5,11,7,16,10
2022-03-26,Detroit Mercy,High Point,Away,L,8,18,NA,8,3,11,43,22,32,26,9,18,10,28,54,33,40,20,20,18,15,8,14
2022-04-02,Detroit Mercy,Robert Morris,Home,W,5,12,NA,5,0,5,38,20,38,22,5,12,9,21,47,25,44,19,12,12,13,5,15
2022-04-09,Detroit Mercy,Air Force,Home,W,4,13,NA,4,2,6,26,15,34,23,6,13,6,19,54,30,41,19,11,13,17,4,11
2022-04-16,Detroit Mercy,Bellarmine,Away,L,8,13,NA,8,4,12,37,21,18,17,8,13,7,20,47,24,25,16,10,13,11,8,13
2022-04-23,Detroit Mercy,Cleveland St.,Home,W,13,12,NA,13,5,18,40,25,37,13,7,12,6,18,36,23,33,16,7,12,11,13,12
2022-04-30,Detroit Mercy,Utah,Away,L,9,16,NA,9,3,12,45,19,27,22,1,16,10,26,52,29,29,14,6,16,13,9,10
2022-02-19,Drexel,UMBC,Away,L,8,12,NA,8,4,12,33,19,22,12,6,12,2,14,59,25,38,20,1,12,13,8,11
2022-02-22,Drexel,Lafayette,Away,W,11,13,NA,11,4,15,40,22,32,17,12,13,6,19,36,23,30,19,10,13,10,11,11
2022-02-26,Drexel,UAlbany,Home,W,14,12,NA,14,11,25,39,20,28,19,8,12,6,18,38,26,32,21,5,12,14,14,6
2022-03-05,Drexel,LIU,Away,W,10,8,NA,10,9,19,28,20,39,16,3,8,5,13,47,28,57,10,9,8,20,10,10
2022-03-08,Drexel,Saint Joseph's,Home,W,18,17,NA,18,12,30,44,30,23,9,7,17,5,22,49,26,36,16,5,17,9,18,12
2022-03-12,Drexel,Marquette,Away,L,11,10,2,11,6,17,32,23,27,17,11,10,4,14,51,25,42,24,9,10,15,11,12
2022-03-19,Drexel,Villanova,Away,W,12,15,NA,12,9,21,36,23,28,17,4,15,10,25,46,26,29,12,10,15,11,12,11
2022-03-26,Drexel,Robert Morris,Away,W,14,15,NA,14,12,26,39,24,36,19,7,15,10,25,46,32,45,21,5,15,17,14,10
2022-04-02,Drexel,Towson,Home,L,12,13,NA,12,4,16,42,28,36,16,14,13,7,20,39,24,38,23,8,13,11,12,16
2022-04-09,Drexel,Fairfield,Home,W,19,18,NA,19,14,33,49,26,38,24,6,18,10,28,46,28,37,12,4,18,10,19,7
2022-04-16,Drexel,Hofstra,Away,W,10,7,NA,10,8,18,43,25,38,16,11,7,4,11,30,17,27,20,8,7,10,10,15
2022-04-23,Drexel,Delaware,Home,L,15,16,NA,15,11,26,36,24,25,12,0,16,8,24,44,28,26,10,4,16,12,15,9
2022-04-29,Drexel,Massachusetts,Away,L,7,13,NA,7,1,8,29,13,20,18,4,13,6,19,43,27,41,13,10,13,14,7,6
2022-05-05,Drexel,Delaware,Home,W,6,19,NA,6,3,9,35,15,19,14,5,19,13,32,47,29,29,12,4,19,10,6,9
2022-02-04,Duke,Robert Morris,Home,W,21,12,NA,21,12,33,50,35,49,23,11,12,7,19,42,28,34,27,9,12,16,21,14
2022-02-06,Duke,Vermont,Home,L,15,7,NA,15,6,21,39,26,28,12,12,7,2,9,36,22,29,17,6,7,15,15,11
2022-02-11,Duke,Manhattan,Home,L,17,7,NA,17,12,29,56,36,37,13,15,7,2,9,23,15,27,25,1,7,8,17,19
2022-02-13,Duke,Jacksonville,Home,L,12,14,NA,12,8,20,44,22,36,17,7,14,5,19,39,30,36,16,8,14,16,12,10
2022-02-19,Duke,Denver,Home,W,19,10,NA,19,10,29,44,33,36,15,8,10,6,16,42,21,19,17,7,10,11,19,14
2022-02-22,Duke,Delaware,Home,W,19,14,NA,19,9,28,45,30,36,15,5,14,5,19,38,25,21,11,3,14,11,19,11
2022-02-26,Duke,Penn,Home,L,13,14,1,13,6,19,51,24,37,16,7,14,8,22,35,24,19,13,3,14,10,13,11
2022-03-01,Duke,High Point,Away,L,18,14,NA,18,11,29,46,32,29,14,6,14,9,23,37,25,26,8,7,14,11,18,14
2022-03-05,Duke,Richmond,Home,L,14,8,NA,14,8,22,56,30,29,13,5,8,5,13,42,28,25,14,5,8,20,14,16
2022-03-13,Duke,Loyola Maryland,Away,W,10,12,NA,10,5,15,36,18,37,18,3,12,8,20,45,25,35,14,10,12,13,10,8
2022-03-19,Duke,"Towson Washington, D.C.",Away,W,14,7,NA,14,9,23,50,29,43,17,8,7,6,13,35,22,22,17,5,7,15,14,15
2022-03-26,Duke,Syracuse,Away,W,10,14,NA,10,3,13,33,20,26,17,5,14,9,23,61,24,32,14,12,14,10,10,10
2022-04-02,Duke,North Carolina,Away,W,15,6,NA,15,5,20,48,34,35,11,3,6,4,10,40,25,21,13,3,6,19,15,19
2022-04-09,Duke,Notre Dame,Home,L,15,16,NA,15,8,23,40,26,23,11,6,16,9,25,41,21,37,15,4,16,5,15,11
2022-04-14,Duke,Virginia,Home,L,17,8,NA,17,10,27,40,26,39,19,7,8,4,12,49,30,30,12,7,8,22,17,9
2022-05-01,Duke,North Carolina,Home,W,19,11,NA,19,11,30,41,31,37,15,9,11,7,18,44,23,30,16,6,11,12,19,12
2022-05-07,Duke,Notre Dame,Away,W,14,16,NA,14,9,23,32,26,31,14,6,16,9,25,44,33,32,12,10,16,17,14,12
2022-02-12,Fairfield,Stony Brook,Away,W,12,13,NA,12,7,19,44,25,42,20,11,13,6,19,54,27,39,17,11,13,14,12,13
2022-02-19,Fairfield,Wagner,Home,L,16,9,NA,16,7,23,34,26,43,20,12,9,4,13,42,17,29,20,10,9,8,16,10
2022-02-26,Fairfield,Villanova,Away,L,9,16,NA,9,5,14,35,21,28,16,10,16,8,24,42,26,39,17,11,16,10,9,12
2022-03-01,Fairfield,Sacred Heart,Away,L,19,16,NA,19,9,28,47,33,40,17,0,16,5,21,52,33,42,7,11,16,17,19,14
2022-03-05,Fairfield,Harvard,Home,L,12,16,NA,12,7,19,45,24,35,22,13,16,9,25,47,29,38,17,11,16,13,12,12
2022-03-08,Fairfield,Quinnipiac,Home,W,14,10,NA,14,10,24,40,25,29,20,6,10,6,16,45,25,32,14,10,10,15,14,11
2022-03-14,Fairfield,Binghamton,Away,L,16,11,NA,16,10,26,45,27,25,21,6,11,4,15,53,32,37,18,11,11,21,16,11
2022-03-19,Fairfield,Providence,Home,W,15,11,NA,15,8,23,52,28,34,15,8,11,3,14,57,34,30,14,5,11,23,15,13
2022-03-22,Fairfield,St. John's (NY),Home,L,14,17,NA,14,7,21,50,31,40,18,10,17,11,28,42,26,27,15,10,17,9,14,17
2022-04-02,Fairfield,Hofstra,Home,W,12,10,NA,12,5,17,43,30,34,16,14,10,7,17,33,16,30,20,12,10,6,12,18
2022-04-09,Fairfield,Drexel,Away,W,18,19,NA,18,10,28,46,28,37,12,4,19,14,33,49,26,38,24,6,19,7,18,10
2022-04-16,Fairfield,Massachusetts,Away,L,16,13,NA,16,10,26,48,33,29,10,5,13,9,22,44,27,30,16,4,13,14,16,17
2022-04-23,Fairfield,Towson,Home,W,8,12,NA,8,3,11,38,24,24,17,8,12,3,15,42,25,29,16,12,12,13,8,16
2022-04-30,Fairfield,Delaware,Home,L,12,14,NA,12,5,17,54,31,41,8,12,14,10,24,41,21,32,20,7,14,7,12,19
2022-02-13,Georgetown,Johns Hopkins,Home,L,16,8,NA,16,8,24,48,28,37,12,6,8,3,11,43,25,29,16,5,8,17,16,12
2022-02-19,Georgetown,Penn,Away,W,10,8,NA,10,5,15,47,22,37,17,9,8,6,14,39,19,28,15,7,8,11,10,12
2022-02-26,Georgetown,Notre Dame,Away,L,16,11,NA,16,9,25,38,25,29,20,3,11,4,15,52,35,38,10,14,11,24,16,9
2022-03-01,Georgetown,Mount St. Mary's,Home,L,21,4,NA,21,12,33,51,31,41,17,17,4,1,5,28,11,32,28,8,4,7,21,10
2022-03-05,Georgetown,Princeton,Home,W,8,10,NA,8,2,10,38,25,36,22,10,10,5,15,39,25,34,14,17,10,15,8,17
2022-03-12,Georgetown,Richmond,Away,L,15,10,NA,15,7,22,45,29,41,17,12,10,7,17,37,17,23,16,7,10,7,15,14
2022-03-19,Georgetown,Utah,Home,L,16,6,NA,16,10,26,46,28,31,10,11,6,4,10,33,18,25,19,4,6,12,16,12
2022-03-26,Georgetown,Lehigh,Away,L,14,11,NA,14,10,24,36,25,37,15,11,11,8,19,27,20,39,23,10,11,9,14,11
2022-04-02,Georgetown,Denver,Away,W,17,9,NA,17,13,30,58,34,33,15,5,9,8,17,36,22,23,14,4,9,13,17,17
2022-04-09,Georgetown,Providence,Away,W,15,5,NA,15,10,25,57,33,49,13,7,5,2,7,30,13,20,14,5,5,8,15,18
2022-04-16,Georgetown,Marquette,Home,W,20,10,NA,20,16,36,63,46,53,13,22,10,6,16,32,23,25,27,3,10,13,20,26
2022-04-19,Georgetown,Loyola Maryland,Home,L,14,7,NA,14,7,21,56,33,39,13,11,7,5,12,36,19,32,25,5,7,12,14,19
2022-04-23,Georgetown,St. John's (NY),Home,L,23,6,NA,23,16,39,57,36,45,17,11,6,5,11,28,22,22,18,5,6,16,23,13
2022-04-29,Georgetown,Villanova,Away,W,13,7,NA,13,9,22,45,29,27,10,10,7,6,13,32,18,23,18,3,7,11,13,16
2022-05-05,Georgetown,Marquette,Home,L,15,5,NA,15,6,21,47,27,29,14,6,5,3,8,39,17,26,15,5,5,12,15,12
2022-05-07,Georgetown,Villanova,Home,W,14,12,NA,14,3,17,53,31,46,16,10,12,4,16,48,29,33,16,3,12,17,14,17
2022-05-15,Georgetown,Delaware,Home,W,9,10,NA,9,4,13,46,23,30,14,8,10,7,17,36,22,28,12,7,10,12,9,14
2022-02-19,Hampton,Mount St. Mary's,Away,L,5,17,NA,5,4,9,29,19,29,32,4,17,12,29,60,40,44,21,12,17,23,5,14
2022-02-21,Hampton,VMI,Home,W,6,15,NA,6,2,8,26,14,30,37,5,15,11,26,66,42,38,13,21,15,27,6,8
2022-02-26,Hampton,Bellarmine,Away,L,3,23,NA,3,1,4,18,10,24,34,6,23,15,38,59,34,41,18,17,23,11,3,7
2022-03-05,Hampton,St. Bonaventure,Away,W,0,21,NA,0,0,0,7,4,16,25,10,21,16,37,54,38,43,18,16,21,17,0,4
2022-03-19,Hampton,Cleveland St.,Home,W,6,19,NA,6,4,10,34,25,31,24,3,19,15,34,52,33,42,18,10,19,14,6,19
2022-03-26,Hampton,Richmond,Home,W,5,20,NA,5,2,7,12,8,12,15,9,20,18,38,55,51,35,9,15,20,31,5,3
2022-04-09,Hampton,Mercer,Away,L,6,22,NA,6,0,6,29,17,24,22,10,22,21,43,43,29,30,19,12,22,7,6,11
2022-04-15,Hampton,High Point,Home,W,8,25,NA,8,1,9,23,17,14,20,5,25,14,39,55,44,36,10,11,25,19,8,9
2022-04-17,Hampton,Jacksonville,Home,W,3,26,NA,3,0,3,20,9,15,23,13,26,16,42,56,41,22,13,23,26,15,3,6
2022-04-23,Hampton,VMI,Away,L,5,21,NA,5,3,8,21,13,25,23,5,21,19,40,83,44,49,6,20,21,23,5,8
2022-02-19,Harvard,NJIT,Home,L,17,4,NA,17,4,21,47,31,35,23,17,4,1,5,27,13,20,28,11,4,9,17,14
2022-02-26,Harvard,"Ohio St. Naples, Fla.",Away,W,12,17,NA,12,6,18,38,22,33,20,12,17,9,26,42,27,36,22,5,17,10,12,10
2022-03-05,Harvard,Fairfield,Away,L,16,12,NA,16,9,25,47,29,38,17,11,12,7,19,45,24,35,22,13,12,12,16,13
2022-03-12,Harvard,Michigan,Away,W,14,9,NA,14,10,24,40,30,28,12,9,9,6,15,51,21,27,11,8,9,12,14,16
2022-03-19,Harvard,Brown,Home,W,12,11,NA,12,8,20,34,20,23,19,6,11,7,18,48,29,27,20,6,11,18,12,8
2022-03-22,Harvard,Boston U.,Home,W,13,10,NA,13,6,19,37,25,36,22,7,10,5,15,44,22,36,21,15,10,12,13,12
2022-03-26,Harvard,Dartmouth,Home,W,19,10,NA,19,6,25,51,32,42,16,11,10,4,14,30,20,33,17,6,10,10,19,13
2022-04-02,Harvard,Colgate,Home,W,7,6,NA,7,4,11,38,22,31,20,7,6,6,12,31,14,29,22,7,6,8,7,15
2022-04-09,Harvard,Cornell,Away,L,9,17,NA,9,3,12,38,21,33,19,9,17,10,27,40,31,43,21,10,17,14,9,12
2022-04-16,Harvard,Penn,Away,L,8,11,NA,8,4,12,36,28,35,18,16,11,7,18,44,24,35,23,10,11,13,8,20
2022-04-23,Harvard,Princeton,Home,W,19,16,NA,19,9,28,44,30,31,18,4,16,8,24,55,34,36,9,7,16,18,19,11
2022-04-30,Harvard,Yale,Away,W,16,17,1,16,8,24,49,28,45,17,13,17,12,29,47,29,42,16,9,17,12,16,12
2022-05-15,Harvard,"Rutgers Piscataway, N.J.",Away,L,9,19,NA,9,6,15,36,26,27,15,9,19,12,31,47,32,37,15,6,19,13,9,17
2022-02-05,High Point,Maryland,Away,W,13,21,NA,13,8,21,39,22,42,20,5,21,13,34,45,30,32,15,5,21,9,13,9
2022-02-11,High Point,Colgate,Home,W,11,10,1,11,2,13,43,21,19,13,9,10,5,15,42,23,22,17,6,10,13,11,10
2022-02-13,High Point,Virginia,Away,W,10,11,NA,10,4,14,42,26,35,14,3,11,6,17,45,24,40,16,8,11,13,10,16
2022-02-26,High Point,Navy,Away,L,14,13,NA,14,8,22,37,24,27,14,4,13,8,21,38,21,44,14,6,13,8,14,10
2022-03-01,High Point,Duke,Home,L,14,18,NA,14,9,23,37,25,26,8,7,18,11,29,46,32,29,14,6,18,14,14,11
2022-03-05,High Point,Bellarmine,Home,L,15,4,NA,15,11,26,57,30,31,17,12,4,1,5,24,13,19,21,7,4,9,15,15
2022-03-11,High Point,Robert Morris,Away,L,13,11,NA,13,9,22,30,21,31,17,8,11,7,18,44,28,32,21,6,11,17,13,8
2022-03-20,High Point,North Carolina,Home,L,12,14,NA,12,6,18,39,27,27,12,10,14,9,23,44,26,29,12,4,14,12,12,15
2022-03-26,High Point,Detroit Mercy,Home,L,18,8,NA,18,10,28,54,33,40,20,20,8,3,11,43,22,32,26,9,8,14,18,15
2022-04-02,High Point,Jacksonville,Away,W,13,14,NA,13,7,20,40,23,30,13,9,14,9,23,38,21,30,14,8,14,7,13,10
2022-04-08,High Point,VMI,Home,L,16,5,NA,16,9,25,53,26,40,23,8,5,1,6,35,21,23,17,7,5,16,16,10
2022-04-15,High Point,Hampton,Away,W,25,8,NA,25,14,39,55,44,36,10,11,8,1,9,23,17,14,20,5,8,9,25,19
2022-04-23,High Point,Richmond,Home,W,5,16,NA,5,4,9,40,25,25,18,13,16,9,25,40,30,31,19,6,16,14,5,20
2022-04-30,High Point,Mercer,Away,W,11,14,NA,11,2,13,30,25,13,13,8,14,8,22,48,27,31,21,7,14,13,11,14
2022-05-05,High Point,"Richmond High Point, N.C.",Away,W,11,12,NA,11,6,17,46,29,29,14,8,12,8,20,42,20,34,15,7,12,8,11,18
2022-02-12,Hobart Statesmen,Canisius,Home,W,22,13,NA,22,14,36,60,40,43,13,12,13,4,17,43,25,26,17,3,13,12,22,18
2022-02-19,Hobart Statesmen,Lehigh,Home,W,14,13,NA,14,6,20,45,23,25,16,6,13,8,21,47,27,23,16,5,13,14,14,9
2022-03-01,Hobart Statesmen,Cornell,Away,W,12,15,NA,12,4,16,38,22,32,14,11,15,9,24,51,28,38,19,10,15,13,12,10
2022-03-06,Hobart Statesmen,Syracuse,Away,W,16,18,NA,16,10,26,43,27,23,11,5,18,10,28,46,27,37,16,7,18,9,16,11
2022-03-19,Hobart Statesmen,Sacred Heart,Away,W,8,9,1,8,5,13,46,22,34,18,9,9,5,14,34,19,22,21,7,9,10,8,14
2022-03-26,Hobart Statesmen,Bryant,Home,L,11,14,NA,11,8,19,54,20,31,16,10,14,8,22,40,21,33,22,8,14,7,11,9
2022-04-02,Hobart Statesmen,Saint Joseph's,Away,W,12,16,NA,12,3,15,47,24,20,12,4,16,7,23,32,25,27,16,2,16,9,12,12
2022-04-09,Hobart Statesmen,Wagner,Home,L,12,3,NA,12,6,18,55,35,37,17,13,3,1,4,35,12,27,22,4,3,9,12,23
2022-04-16,Hobart Statesmen,Merrimack,Away,L,12,11,NA,12,4,16,52,26,33,17,9,11,6,17,42,25,35,18,8,11,14,12,14
2022-04-23,Hobart Statesmen,LIU,Home,W,22,19,NA,22,14,36,53,35,38,18,4,19,16,35,43,30,38,14,8,19,11,22,13
2022-04-30,Hobart Statesmen,Mount St. Mary's,Home,L,14,7,NA,14,9,23,74,36,48,10,10,7,4,11,31,17,19,18,5,7,10,14,22
2022-05-05,Hobart Statesmen,"Bryant Philadelphia, Pa.",Away,W,21,5,NA,21,9,30,54,38,38,16,14,5,1,6,37,18,36,21,11,5,13,21,17
2022-05-07,Hobart Statesmen,Saint Joseph's,Away,L,7,14,NA,7,5,12,38,23,25,13,6,14,6,20,44,24,29,14,8,14,10,7,16
2022-02-06,Hofstra,Merrimack,Home,W,8,7,NA,8,7,15,31,18,25,17,6,7,5,12,36,23,22,13,3,7,16,8,10
2022-02-12,Hofstra,Sacred Heart,Home,L,21,9,NA,21,10,31,42,34,43,15,14,9,7,16,32,17,25,29,4,9,8,21,13
2022-02-18,Hofstra,Navy,Home,W,6,13,NA,6,0,6,30,13,30,24,6,13,9,22,38,24,30,18,9,13,11,6,7
2022-02-25,Hofstra,LIU,Home,L,11,14,NA,11,5,16,30,15,33,22,8,14,8,22,40,28,42,21,12,14,14,11,4
2022-02-27,Hofstra,St. John's (NY),Home,L,12,6,NA,12,4,16,37,22,37,18,8,6,3,9,32,20,23,15,5,6,14,12,10
2022-03-05,Hofstra,Villanova,Away,W,6,8,NA,6,3,9,17,9,13,21,8,8,4,12,52,25,31,16,11,8,17,6,3
2022-03-08,Hofstra,Binghamton,Home,W,6,12,NA,6,4,10,31,11,22,21,6,12,4,16,42,22,36,25,10,12,10,6,5
2022-03-12,Hofstra,Manhattan,Home,W,8,4,NA,8,2,10,33,19,34,22,7,4,3,7,30,15,22,16,8,4,11,8,11
2022-03-19,Hofstra,Rutgers,Home,L,10,22,NA,10,3,13,37,23,34,11,5,22,14,36,54,34,35,10,4,22,12,10,13
2022-03-26,Hofstra,Providence,Away,L,9,10,1,9,8,17,39,22,26,16,11,10,5,15,33,16,29,24,6,10,6,9,13
2022-04-02,Hofstra,Fairfield,Away,W,10,12,NA,10,7,17,33,16,30,20,12,12,5,17,43,30,34,16,14,12,18,10,6
2022-04-09,Hofstra,Delaware,Away,L,12,11,NA,12,5,17,44,27,27,17,6,11,5,16,32,22,32,11,8,11,11,12,15
2022-04-16,Hofstra,Drexel,Home,W,7,10,NA,7,4,11,30,17,27,20,8,10,8,18,43,25,38,16,11,10,15,7,10
2022-04-23,Hofstra,Massachusetts,Home,W,9,13,NA,9,5,14,38,24,25,9,8,13,6,19,37,24,34,15,2,13,11,9,15
2022-04-30,Hofstra,Towson,Away,L,15,14,NA,15,5,20,38,26,26,9,4,14,8,22,37,22,32,11,4,14,8,15,11
2022-02-05,Holy Cross,"Providence Smithfield, R.I.",Away,L,9,16,NA,9,6,15,48,26,29,20,7,16,7,23,43,29,28,13,7,16,13,9,17
2022-02-12,Holy Cross,Syracuse,Away,L,5,28,NA,5,3,8,26,14,26,21,3,28,16,44,49,34,48,12,11,28,6,5,9
2022-02-19,Holy Cross,Michigan,Away,L,3,20,NA,3,2,5,30,11,21,22,11,20,14,34,37,32,31,19,11,20,12,3,8
2022-02-27,Holy Cross,Merrimack,Home,W,9,11,NA,9,5,14,42,18,26,23,10,11,4,15,40,25,25,21,9,11,14,9,9
2022-03-06,Holy Cross,Army West Point,Away,L,8,14,NA,8,5,13,44,21,37,18,8,14,9,23,47,32,29,13,8,14,18,8,13
2022-03-13,Holy Cross,Lehigh,Away,L,7,17,NA,7,4,11,29,14,30,19,11,17,10,27,50,30,55,18,14,17,13,7,7
2022-03-19,Holy Cross,Boston U.,Home,L,10,16,NA,10,7,17,34,25,27,20,9,16,8,24,51,31,33,19,10,16,15,10,15
2022-03-26,Holy Cross,Navy,Away,L,8,14,NA,8,6,14,29,20,26,19,6,14,6,20,42,26,46,18,3,14,12,8,12
2022-04-02,Holy Cross,Loyola Maryland,Home,W,8,16,NA,8,6,14,33,18,18,22,5,16,10,26,51,33,35,14,14,16,17,8,10
2022-04-09,Holy Cross,Lafayette,Home,L,11,21,NA,11,7,18,31,20,20,16,6,21,7,28,40,31,25,11,6,21,10,11,9
2022-04-17,Holy Cross,Bucknell,Away,L,7,23,NA,7,4,11,29,15,27,21,8,23,19,42,65,43,49,17,9,23,20,7,8
2022-04-20,Holy Cross,UMass Lowell,Away,L,15,14,NA,15,10,25,39,25,41,18,8,14,8,22,49,27,28,14,5,14,13,15,10
2022-04-23,Holy Cross,Siena,Home,W,8,11,NA,8,3,11,41,21,35,22,8,11,6,17,38,24,26,16,10,11,13,8,13
2022-04-29,Holy Cross,Colgate,Home,L,12,14,NA,12,5,17,35,22,24,19,7,14,7,21,46,31,27,14,7,14,17,12,10
2022-02-05,Jacksonville,Johns Hopkins,Away,L,8,11,NA,8,3,11,32,16,32,21,7,11,5,16,45,28,35,17,11,11,17,8,8
2022-02-13,Jacksonville,Duke,Away,L,14,12,NA,14,5,19,39,30,36,16,8,12,8,20,44,22,36,17,7,12,10,14,16
2022-02-15,Jacksonville,"Mercer Savannah, Ga.",Away,L,21,12,NA,21,13,34,42,36,29,9,3,12,4,16,50,30,35,21,2,12,18,21,15
2022-02-19,Jacksonville,Marquette,Home,W,14,10,NA,14,7,21,38,26,35,20,12,10,2,12,33,24,31,18,7,10,14,14,12
2022-02-26,Jacksonville,Denver,Away,W,11,9,NA,11,7,18,39,29,42,21,13,9,3,12,38,20,22,22,8,9,11,11,18
2022-02-27,Jacksonville,Air Force,Away,W,15,9,NA,15,10,25,34,25,21,18,7,9,3,12,41,23,34,17,11,9,14,15,10
2022-03-06,Jacksonville,Utah,Home,L,10,16,NA,10,5,15,32,20,32,16,6,16,11,27,44,27,34,10,6,16,11,10,10
2022-03-11,Jacksonville,Bellarmine,Away,W,16,2,NA,16,12,28,43,33,36,32,9,2,1,3,18,12,23,33,14,2,10,16,17
2022-03-19,Jacksonville,UMass Lowell,Away,W,22,8,NA,22,14,36,40,26,31,16,7,8,3,11,49,25,35,14,8,8,17,22,4
2022-03-26,Jacksonville,St. John's (NY),Home,L,25,4,NA,25,14,39,52,41,39,16,13,4,2,6,25,14,18,17,8,4,10,25,16
2022-04-02,Jacksonville,High Point,Home,W,14,13,NA,14,9,23,38,21,30,14,8,13,7,20,40,23,30,13,9,13,10,14,7
2022-04-09,Jacksonville,Richmond,Home,W,13,11,NA,13,8,21,38,27,28,15,15,11,6,17,31,21,27,19,8,11,10,13,14
2022-04-16,Jacksonville,VMI,Away,W,25,6,NA,25,17,42,61,46,51,15,11,6,4,10,28,12,17,21,6,6,6,25,21
2022-04-17,Jacksonville,Hampton,Away,W,26,3,NA,26,16,42,56,41,22,13,23,3,0,3,20,9,15,23,13,3,6,26,15
2022-04-23,Jacksonville,Mercer,Home,L,17,5,NA,17,8,25,53,33,27,9,14,5,3,8,26,18,26,20,6,5,13,17,16
2022-05-05,Jacksonville,"VMI High Point, N.C.",Away,W,13,5,NA,13,10,23,47,27,37,17,13,5,0,5,33,15,23,20,7,5,10,13,14
2022-05-07,Jacksonville,"Richmond High Point, N.C.",Away,L,9,10,NA,9,3,12,32,16,28,18,7,10,4,14,46,21,33,13,12,10,11,9,7
2022-02-05,Johns Hopkins,Jacksonville,Home,L,11,8,NA,11,5,16,45,28,35,17,11,8,3,11,32,16,32,21,7,8,8,11,17
2022-02-11,Johns Hopkins,Towson,Away,L,18,12,NA,18,12,30,49,31,37,15,8,12,5,17,36,21,33,19,7,12,9,18,13
2022-02-13,Johns Hopkins,Georgetown,Away,L,8,16,NA,8,3,11,43,25,29,16,5,16,8,24,48,28,37,12,6,16,12,8,17
2022-02-19,Johns Hopkins,Loyola Maryland,Home,W,11,10,NA,11,8,19,30,15,27,25,5,10,8,18,44,24,33,17,13,10,14,11,4
2022-02-27,Johns Hopkins,North Carolina,Away,W,10,15,NA,10,6,16,35,19,31,15,5,15,10,25,51,35,33,14,8,15,20,10,9
2022-03-05,Johns Hopkins,Virginia,Away,L,8,19,NA,8,3,11,44,21,30,18,6,19,13,32,49,27,39,16,12,19,8,8,13
2022-03-13,Johns Hopkins,Syracuse,Home,L,10,7,NA,10,6,16,29,17,28,21,6,7,4,11,54,21,37,14,12,7,14,10,7
2022-03-18,Johns Hopkins,Navy,Home,L,10,11,NA,10,7,17,43,22,35,17,10,11,7,18,38,18,33,18,7,11,7,10,12
2022-03-20,Johns Hopkins,Delaware,Away,W,10,12,NA,10,8,18,45,22,26,15,11,12,8,20,38,25,34,18,7,12,13,10,12
2022-03-26,Johns Hopkins,Michigan,Home,W,15,12,NA,15,11,26,41,26,29,14,9,12,7,19,42,23,31,20,5,12,11,15,11
2022-04-03,Johns Hopkins,Rutgers,Away,L,7,12,NA,7,1,8,29,14,30,20,8,12,6,18,35,19,39,21,10,12,7,7,7
2022-04-09,Johns Hopkins,Ohio St.,Away,W,10,12,NA,10,8,18,41,18,29,12,4,12,6,18,44,22,36,9,5,12,10,10,8
2022-04-16,Johns Hopkins,Penn St.,Home,W,13,10,NA,13,12,25,51,31,40,14,12,10,7,17,34,18,27,17,6,10,8,13,18
2022-04-23,Johns Hopkins,Maryland,Home,W,7,22,NA,7,2,9,36,25,31,15,7,22,14,36,44,34,38,13,8,22,12,7,18
2022-04-30,Johns Hopkins,Penn St.,Home,L,16,8,NA,16,7,23,54,33,35,17,9,8,7,15,37,22,30,18,7,8,14,16,17
2022-05-05,Johns Hopkins,Maryland,Away,W,11,16,NA,11,7,18,35,25,27,16,6,16,14,30,42,25,32,13,12,16,9,11,14
2022-02-05,LIU,Rutgers,Away,L,6,15,NA,6,3,9,22,14,20,31,6,15,7,22,51,30,41,22,13,15,15,6,8
2022-02-12,LIU,Siena,Home,L,14,7,NA,14,8,22,43,28,57,17,9,7,7,14,42,25,53,21,4,7,18,14,14
2022-02-16,LIU,Quinnipiac,Home,L,12,7,NA,12,6,18,34,27,50,13,6,7,4,11,44,26,41,13,3,7,19,12,15
2022-02-25,LIU,Hofstra,Away,L,14,11,NA,14,8,22,40,28,42,21,12,11,5,16,30,15,33,22,8,11,4,14,14
2022-02-27,LIU,"Stony Brook Hempstead, NY",Away,L,6,10,NA,6,3,9,35,17,29,19,8,10,6,16,42,22,35,18,5,10,12,6,11
2022-03-05,LIU,Drexel,Home,W,8,10,NA,8,5,13,47,28,57,10,9,10,9,19,28,20,39,16,3,10,10,8,20
2022-03-12,LIU,Massachusetts,Away,L,7,12,NA,7,4,11,26,16,25,27,1,12,7,19,41,26,30,16,7,12,14,7,9
2022-03-19,LIU,Wagner,Home,L,12,7,NA,12,8,20,36,22,38,17,9,7,1,8,26,17,27,16,6,7,10,12,10
2022-03-26,LIU,Merrimack,Home,L,16,7,NA,16,10,26,31,25,40,18,7,7,6,13,32,21,28,13,9,7,14,16,9
2022-04-02,LIU,Bryant,Away,W,4,8,NA,4,2,6,35,24,20,16,9,8,5,13,39,26,39,21,9,8,18,4,20
2022-04-09,LIU,Mount St. Mary's,Away,L,14,10,NA,14,6,20,31,20,25,27,4,10,8,18,46,30,34,18,12,10,20,14,6
2022-04-16,LIU,Saint Joseph's,Home,L,10,14,NA,10,8,18,26,18,29,21,9,14,10,24,39,28,25,19,9,14,14,10,8
2022-04-23,LIU,Hobart,Away,W,19,22,NA,19,16,35,43,30,38,14,8,22,14,36,53,35,38,18,4,22,13,19,11
2022-04-30,LIU,Sacred Heart,Away,L,15,10,NA,15,10,25,42,32,37,19,6,10,4,14,33,20,23,18,8,10,10,15,17
2022-05-05,LIU,Saint Joseph's,Away,W,10,11,NA,10,7,17,39,21,27,14,8,11,5,16,35,20,27,17,7,11,9,10,11
2022-02-05,Lafayette,Penn St.,Away,W,15,20,NA,15,5,20,41,25,32,17,11,20,14,34,52,29,36,17,9,20,9,15,10
2022-02-12,Lafayette,VMI,Away,W,14,6,NA,14,13,27,52,30,36,14,5,6,5,11,25,14,23,12,9,6,8,14,16
2022-02-22,Lafayette,Drexel,Home,W,13,11,NA,13,6,19,36,23,30,19,10,11,4,15,40,22,32,17,12,11,11,13,10
2022-02-26,Lafayette,Binghamton,Home,L,12,13,1,12,8,20,44,31,26,10,7,13,9,22,26,19,28,18,3,13,6,12,19
2022-03-05,Lafayette,Loyola Maryland,Home,L,12,14,NA,12,7,19,27,18,30,17,6,14,11,25,44,24,39,12,13,14,10,12,6
2022-03-11,Lafayette,Army West Point,Home,L,12,18,NA,12,5,17,41,26,35,10,8,18,14,32,44,29,38,16,7,18,11,12,14
2022-03-15,Lafayette,Rutgers,Away,W,10,22,NA,10,7,17,32,22,35,21,6,22,15,37,45,31,38,16,17,22,9,10,12
2022-03-19,Lafayette,Colgate,Away,L,7,14,NA,7,7,14,39,24,18,10,3,14,7,21,40,22,29,19,3,14,8,7,17
2022-03-26,Lafayette,Boston U.,Away,W,11,21,NA,11,8,19,39,27,29,15,12,21,18,39,49,29,51,21,12,21,8,11,16
2022-03-29,Lafayette,Sacred Heart,Away,W,16,8,NA,16,6,22,43,30,34,7,8,8,6,14,29,13,24,18,6,8,5,16,14
2022-04-02,Lafayette,Lehigh,Home,W,7,14,NA,7,4,11,36,20,24,10,5,14,4,18,46,26,28,12,7,14,12,7,13
2022-04-09,Lafayette,Holy Cross,Away,L,21,11,NA,21,7,28,40,31,25,11,6,11,7,18,31,20,20,16,6,11,9,21,10
2022-04-16,Lafayette,Navy,Home,L,5,9,NA,5,3,8,32,17,23,19,10,9,4,13,40,19,32,20,10,9,10,5,12
2022-04-22,Lafayette,Bucknell,Away,W,16,19,NA,16,7,23,34,26,33,20,6,19,10,29,50,30,40,16,14,19,11,16,10
2022-04-28,Lafayette,Virginia,Away,W,10,20,NA,10,4,14,31,24,24,13,7,20,13,33,48,35,52,16,5,20,15,10,14
2022-02-12,Lehigh,NJIT,Away,W,10,5,NA,10,8,18,56,30,36,13,5,5,5,10,29,17,13,15,5,5,12,10,20
2022-02-19,Lehigh,Hobart,Away,W,13,14,NA,13,8,21,47,27,23,16,5,14,6,20,45,23,25,16,6,14,9,13,14
2022-02-26,Lehigh,Cornell,Home,L,5,9,NA,5,2,7,44,20,30,15,11,9,4,13,34,20,35,18,8,9,11,5,15
2022-03-05,Lehigh,Navy,Home,L,11,7,NA,11,7,18,50,25,41,19,9,7,3,10,28,17,31,15,9,7,10,11,14
2022-03-13,Lehigh,Holy Cross,Home,L,17,7,NA,17,10,27,50,30,55,18,14,7,4,11,29,14,30,19,11,7,7,17,13
2022-03-19,Lehigh,Army West Point,Away,L,11,10,NA,11,4,15,36,21,26,18,6,10,6,16,38,21,23,13,11,10,11,11,10
2022-03-26,Lehigh,Georgetown,Home,L,11,14,NA,11,8,19,27,20,39,23,10,14,10,24,36,25,37,15,11,14,11,11,9
2022-03-29,Lehigh,Binghamton,Away,L,12,10,NA,12,9,21,39,25,29,16,7,10,3,13,32,18,29,17,8,10,8,12,13
2022-04-02,Lehigh,Lafayette,Away,W,14,7,NA,14,4,18,46,26,28,12,7,7,4,11,36,20,24,10,5,7,13,14,12
2022-04-10,Lehigh,Bucknell,Home,W,13,12,NA,13,7,20,44,28,43,19,7,12,6,18,42,25,35,11,15,12,13,13,15
2022-04-16,Lehigh,Colgate,Away,W,8,9,1,8,4,12,42,23,29,18,5,9,3,12,38,21,18,7,8,9,12,8,15
2022-04-23,Lehigh,Boston U.,Home,L,8,9,NA,8,7,15,28,18,30,16,14,9,7,16,32,23,34,21,11,9,14,8,10
2022-04-29,Lehigh,Loyola Maryland,Away,W,12,13,1,12,6,18,32,20,22,22,6,13,10,23,46,28,35,13,11,13,15,12,8
2022-05-03,Lehigh,Navy,Home,L,14,8,NA,14,9,23,40,24,45,14,12,8,8,16,42,22,36,18,6,8,14,14,10
2022-05-06,Lehigh,Boston U.,Away,W,12,13,1,12,7,19,36,23,41,22,10,13,11,24,53,28,35,14,14,13,15,12,11
2022-02-12,Loyola Maryland,Maryland,Away,L,8,20,NA,8,3,11,31,18,19,13,4,20,12,32,43,28,36,13,10,20,8,8,10
2022-02-19,Loyola Maryland,Johns Hopkins,Away,W,10,11,NA,10,8,18,44,24,33,17,13,11,8,19,30,15,27,25,5,11,4,10,14
2022-02-26,Loyola Maryland,Rutgers,Home,L,12,13,NA,12,9,21,37,22,30,14,7,13,3,16,41,25,24,12,7,13,12,12,10
2022-03-02,Loyola Maryland,Towson,Home,W,8,11,NA,8,4,12,40,20,40,18,10,11,4,15,36,19,24,16,9,11,8,8,12
2022-03-05,Loyola Maryland,Lafayette,Away,L,14,12,NA,14,11,25,44,24,39,12,13,12,7,19,27,18,30,17,6,12,6,14,10
2022-03-13,Loyola Maryland,Duke,Home,W,12,10,NA,12,8,20,45,25,35,14,10,10,5,15,36,18,37,18,3,10,8,12,13
2022-03-19,Loyola Maryland,Bucknell,Home,L,13,9,NA,13,8,21,41,27,42,18,11,9,4,13,40,22,30,20,7,9,13,13,14
2022-03-26,Loyola Maryland,Army West Point,Home,L,12,14,NA,12,7,19,50,25,33,15,12,14,4,18,41,26,34,18,5,14,12,12,13
2022-04-02,Loyola Maryland,Holy Cross,Away,W,16,8,NA,16,10,26,51,33,35,14,14,8,6,14,33,18,18,22,5,8,10,16,17
2022-04-09,Loyola Maryland,Navy,Away,W,18,7,NA,18,14,32,63,35,43,17,7,7,3,10,36,20,28,15,5,7,13,18,17
2022-04-16,Loyola Maryland,Boston U.,Home,W,9,14,NA,9,8,17,35,22,33,17,8,14,9,23,41,27,33,13,6,14,13,9,13
2022-04-19,Loyola Maryland,Georgetown,Away,L,7,14,NA,7,5,12,36,19,32,25,5,14,7,21,56,33,39,13,11,14,19,7,12
2022-04-23,Loyola Maryland,Colgate,Away,L,11,10,1,11,6,17,31,20,23,13,6,10,5,15,46,21,24,17,6,10,11,11,9
2022-04-29,Loyola Maryland,Lehigh,Home,W,13,12,1,13,10,23,46,28,35,13,11,12,6,18,32,20,22,22,6,12,8,13,15
2022-05-03,Loyola Maryland,Bucknell,Home,L,11,7,NA,11,8,19,44,27,33,13,5,7,4,11,38,20,20,12,6,7,13,11,16
2022-05-06,Loyola Maryland,"Army West Point Boston, Mass.",Away,W,13,14,NA,13,7,20,31,21,33,15,6,14,8,22,54,28,30,12,6,14,14,13,8
2022-02-11,Manhattan,Duke,Away,L,7,17,NA,7,2,9,23,15,27,25,1,17,12,29,56,36,37,13,15,17,19,7,8
2022-02-16,Manhattan,VMI,Home,W,14,10,NA,14,9,23,38,28,30,9,4,10,5,15,36,17,36,16,4,10,7,14,14
2022-02-20,Manhattan,"Navy Hempstead, NY",Away,W,6,9,NA,6,6,12,27,13,24,16,8,9,7,16,35,22,35,21,5,9,13,6,7
2022-02-26,Manhattan,Wagner,Home,L,11,5,NA,11,4,15,38,28,30,12,13,5,0,5,26,13,23,18,7,5,8,11,17
2022-03-05,Manhattan,St. John's (NY),Away,W,7,9,NA,7,3,10,38,18,9,9,6,9,6,15,47,23,33,16,3,9,14,7,11
2022-03-12,Manhattan,Hofstra,Away,W,4,8,NA,4,3,7,30,15,22,16,8,8,2,10,33,19,34,22,7,8,11,4,11
2022-03-19,Manhattan,Quinnipiac,Home,W,9,7,NA,9,5,14,39,20,18,10,10,7,0,7,37,23,21,15,7,7,16,9,11
2022-03-26,Manhattan,St. Bonaventure,Away,L,9,15,NA,9,6,15,41,24,25,14,8,15,8,23,38,25,36,15,8,15,10,9,15
2022-04-02,Manhattan,Canisius,Home,W,14,11,NA,14,6,20,30,19,21,13,9,11,5,16,33,18,27,17,8,11,7,14,5
2022-04-09,Manhattan,Siena,Away,L,8,7,NA,8,5,13,29,20,28,14,4,7,3,10,37,14,25,16,5,7,7,8,12
2022-04-16,Manhattan,Marist,Home,L,12,13,NA,12,7,19,40,21,14,14,8,13,3,16,36,24,24,11,12,13,11,12,9
2022-04-22,Manhattan,Monmouth,Away,W,11,4,NA,11,3,14,32,18,23,13,7,4,1,5,32,12,27,19,5,4,8,11,7
2022-05-05,Manhattan,Marist,Away,L,13,12,1,13,3,16,31,21,27,11,7,12,5,17,45,21,41,16,6,12,9,13,8
2022-05-07,Manhattan,St. Bonaventure,Away,L,8,7,NA,8,0,8,35,17,34,14,7,7,1,8,35,12,34,14,7,7,5,8,9
2022-05-11,Manhattan,Vermont,Away,L,3,15,NA,3,2,5,29,16,23,12,8,15,11,26,35,29,37,14,6,15,14,3,13
2022-02-09,Marist,Rutgers,Away,W,10,13,NA,10,4,14,48,29,28,15,9,13,9,22,63,34,48,13,9,13,21,10,19
2022-02-12,Marist,Binghamton,Away,W,11,9,NA,11,8,19,44,24,18,16,9,9,5,14,48,22,27,20,6,9,13,11,13
2022-02-19,Marist,Richmond,Away,L,4,18,NA,4,3,7,28,15,23,22,14,18,14,32,58,35,34,19,11,18,17,4,11
2022-02-26,Marist,Bucknell,Home,W,7,15,NA,7,4,11,31,16,21,17,4,15,5,20,53,37,53,7,8,15,22,7,9
2022-03-05,Marist,Air Force,Away,L,8,17,NA,8,5,13,38,16,33,19,8,17,10,27,47,25,34,15,12,17,8,8,8
2022-03-11,Marist,Delaware,Away,L,9,18,NA,9,5,14,33,14,23,17,7,18,13,31,58,33,34,14,7,18,15,9,5
2022-03-19,Marist,St. Bonaventure,Home,L,6,7,NA,6,5,11,49,25,40,10,10,7,5,12,25,13,26,19,8,7,6,6,19
2022-03-26,Marist,Siena,Home,W,11,10,NA,11,6,17,40,27,37,14,9,10,5,15,41,24,29,17,7,10,14,11,16
2022-04-02,Marist,Quinnipiac,Away,L,17,10,NA,17,10,27,42,31,31,18,6,10,5,15,36,22,30,16,11,10,12,17,14
2022-04-05,Marist,Princeton,Away,L,7,18,NA,7,4,11,30,17,27,21,6,18,10,28,58,38,43,13,12,18,20,7,10
2022-04-12,Marist,NJIT,Home,W,12,11,1,12,8,20,56,34,35,11,10,11,7,18,37,24,35,21,3,11,13,12,21
2022-04-16,Marist,Manhattan,Away,L,13,12,NA,13,3,16,36,24,24,11,12,12,7,19,40,21,14,14,8,12,9,13,11
2022-04-23,Marist,Canisius,Away,W,13,7,NA,13,8,21,54,31,33,16,9,7,5,12,34,18,29,25,6,7,11,13,18
2022-04-30,Marist,Monmouth,Home,W,9,8,1,9,4,13,34,23,38,11,15,8,5,13,37,20,28,19,4,8,12,9,14
2022-05-05,Marist,Manhattan,Home,L,12,13,1,12,5,17,45,21,41,16,6,13,3,16,31,21,27,11,7,13,8,12,9
2022-02-12,Marquette,Bellarmine,Away,L,9,8,3,9,6,15,46,23,27,21,11,8,6,14,28,20,19,23,10,8,12,9,14
2022-02-19,Marquette,Jacksonville,Away,W,10,14,NA,10,2,12,33,24,31,18,7,14,7,21,38,26,35,20,12,14,12,10,14
2022-02-26,Marquette,Utah,Home,L,11,12,NA,11,6,17,41,19,29,16,15,12,8,20,37,17,30,20,5,12,5,11,8
2022-03-01,Marquette,Michigan,Home,L,10,12,NA,10,4,14,30,19,25,19,7,12,8,20,38,26,25,18,3,12,14,10,9
2022-03-05,Marquette,Detroit Mercy,Home,L,13,7,NA,13,6,19,46,28,35,23,14,7,4,11,38,13,26,22,11,7,6,13,15
2022-03-12,Marquette,Drexel,Home,L,10,11,2,10,4,14,51,25,42,24,9,11,6,17,32,23,27,17,11,11,12,10,15
2022-03-19,Marquette,Robert Morris,Away,L,7,10,NA,7,6,13,32,19,19,23,3,10,6,16,35,20,20,13,18,10,10,7,12
2022-03-26,Marquette,Air Force,Home,W,9,16,NA,9,6,15,40,24,26,15,9,16,10,26,39,26,24,18,4,16,10,9,15
2022-04-02,Marquette,Providence,Home,W,16,11,NA,16,9,25,41,23,34,18,4,11,5,16,42,25,25,13,5,11,14,16,7
2022-04-09,Marquette,St. John's (NY),Away,L,23,13,NA,23,14,37,58,36,40,13,6,13,8,21,39,27,14,15,6,13,14,23,13
2022-04-12,Marquette,Notre Dame,Home,W,8,18,NA,8,2,10,34,24,28,13,7,18,11,29,50,33,31,13,8,18,15,8,16
2022-04-16,Marquette,Georgetown,Away,W,10,20,NA,10,6,16,32,23,25,27,3,20,16,36,63,46,53,13,22,20,26,10,13
2022-04-23,Marquette,Villanova,Home,W,8,10,NA,8,3,11,41,25,27,12,9,10,6,16,41,26,27,14,7,10,16,8,17
2022-04-29,Marquette,Denver,Away,L,8,16,NA,8,5,13,36,20,31,16,8,16,10,26,49,32,32,10,6,16,16,8,12
2022-05-05,Marquette,Georgetown,Away,L,5,15,NA,5,3,8,39,17,26,15,5,15,6,21,47,27,29,14,6,15,12,5,12
2022-02-05,Maryland,High Point,Home,W,21,13,NA,21,13,34,45,30,32,15,5,13,8,21,39,22,42,20,5,13,9,21,9
2022-02-12,Maryland,Loyola Maryland,Home,L,20,8,NA,20,12,32,43,28,36,13,10,8,3,11,31,18,19,13,4,8,10,20,8
2022-02-20,Maryland,Syracuse,Away,L,14,10,NA,14,8,22,41,25,32,15,8,10,5,15,39,22,32,13,10,10,12,14,11
2022-02-26,Maryland,Princeton,Home,W,15,10,NA,15,9,24,50,34,42,12,13,10,3,13,23,18,22,17,4,10,8,15,19
2022-03-05,Maryland,Notre Dame,Away,W,11,9,NA,11,6,17,41,22,29,18,9,9,3,12,31,21,30,18,10,9,12,11,11
2022-03-12,Maryland,UAlbany,Home,L,24,6,NA,24,13,37,45,35,49,15,15,6,4,10,23,15,23,22,5,6,9,24,11
2022-03-19,Maryland,"Virginia Washington, D.C.",Away,L,23,12,NA,23,14,37,53,38,40,13,10,12,7,19,34,21,34,17,4,12,9,23,15
2022-03-27,Maryland,Penn St.,Away,W,18,7,NA,18,7,25,44,31,39,18,9,7,1,8,33,21,33,19,9,7,14,18,13
2022-04-02,Maryland,Michigan,Away,L,20,12,NA,20,12,32,50,34,32,12,7,12,9,21,41,25,25,13,8,12,13,20,14
2022-04-10,Maryland,Rutgers,Home,L,17,9,NA,17,13,30,45,32,32,13,3,9,4,13,36,23,17,9,6,9,14,17,15
2022-04-16,Maryland,Ohio St.,Home,W,19,12,NA,19,12,31,46,38,32,10,7,12,7,19,35,23,23,13,2,12,11,19,19
2022-04-23,Maryland,Johns Hopkins,Away,W,22,7,NA,22,14,36,44,34,38,13,8,7,2,9,36,25,31,15,7,7,18,22,12
2022-05-05,Maryland,Johns Hopkins,Home,W,16,11,NA,16,14,30,42,25,32,13,12,11,7,18,35,25,27,16,6,11,14,16,9
2022-05-07,Maryland,Rutgers,Home,L,17,7,NA,17,12,29,47,29,42,13,11,7,3,10,35,18,26,16,7,7,11,17,12
2022-05-15,Maryland,Vermont,Home,L,21,5,NA,21,15,36,46,33,37,10,10,5,2,7,37,22,33,12,7,5,17,21,12
2022-05-22,Maryland,"Virginia Columbus, Ohio",Away,W,18,9,NA,18,13,31,50,29,45,18,6,9,4,13,35,24,30,16,9,9,15,18,11
2022-05-28,Maryland,"Princeton East Hartford, Conn.",Away,W,13,8,NA,13,8,21,45,26,38,19,8,8,3,11,47,29,34,16,5,8,21,13,13
2022-05-30,Maryland,"Cornell East Hartford, Conn.",Away,L,9,7,NA,9,9,18,37,18,43,22,8,7,4,11,40,24,32,14,11,7,17,9,9
2022-02-12,Massachusetts,Army West Point,Away,W,13,14,NA,13,7,20,46,31,32,9,8,14,9,23,28,22,30,17,5,14,8,13,18
2022-02-19,Massachusetts,UMass Lowell,Home,L,19,9,NA,19,11,30,56,35,40,14,10,9,2,11,40,22,24,19,5,9,13,19,16
2022-02-26,Massachusetts,Boston U.,Away,L,7,16,NA,7,5,12,35,19,31,22,3,16,8,24,39,26,30,18,11,16,10,7,12
2022-03-05,Massachusetts,Yale,Away,W,12,13,1,12,3,15,45,30,33,18,10,13,9,22,58,28,24,15,8,13,15,12,18
2022-03-08,Massachusetts,UAlbany,Home,L,12,9,NA,12,6,18,33,26,30,18,5,9,5,14,26,19,22,14,5,9,10,12,14
2022-03-12,Massachusetts,LIU,Home,L,12,7,NA,12,7,19,41,26,30,16,7,7,4,11,26,16,25,27,1,7,9,12,14
2022-03-16,Massachusetts,Vermont,Home,W,12,10,NA,12,7,19,40,30,26,7,6,10,8,18,39,21,21,7,3,10,11,12,18
2022-03-26,Massachusetts,Brown,Away,W,10,7,NA,10,5,15,40,22,24,14,2,7,4,11,46,21,21,11,3,7,14,10,12
2022-04-02,Massachusetts,Delaware,Home,W,11,10,1,11,5,16,42,27,40,17,4,10,6,16,44,30,28,9,3,10,20,11,16
2022-04-09,Massachusetts,Towson,Away,L,9,12,NA,9,6,15,39,25,38,14,8,12,5,17,45,24,32,16,8,12,12,9,16
2022-04-16,Massachusetts,Fairfield,Home,L,13,16,NA,13,9,22,44,27,30,16,4,16,10,26,48,33,29,10,5,16,17,13,14
2022-04-23,Massachusetts,Hofstra,Away,W,13,9,NA,13,6,19,37,24,34,15,2,9,5,14,38,24,25,9,8,9,15,13,11
2022-04-29,Massachusetts,Drexel,Home,L,13,7,NA,13,6,19,43,27,41,13,10,7,1,8,29,13,20,18,4,7,6,13,14
2022-05-05,Massachusetts,"Towson Philadelphia, Pa.",Away,W,10,18,NA,10,6,16,36,18,31,19,5,18,9,27,53,33,26,11,11,18,15,10,8
2022-01-29,Mercer,Bellarmine,Home,W,9,4,NA,9,6,15,29,16,23,17,8,4,3,7,28,10,10,19,11,4,6,9,7
2022-02-05,Mercer,Bucknell,Home,L,14,16,NA,14,10,24,51,24,26,13,11,16,12,28,36,29,22,16,6,16,13,14,10
2022-02-12,Mercer,Navy,Away,L,5,15,NA,5,3,8,24,15,25,24,4,15,7,22,64,31,44,16,17,15,16,5,10
2022-02-15,Mercer,"Jacksonville Savannah, Ga.",Away,W,12,21,NA,12,4,16,50,30,35,21,2,21,13,34,42,36,29,9,3,21,15,12,18
2022-02-19,Mercer,Cleveland St.,Away,W,11,9,NA,11,3,14,43,22,33,15,6,9,5,14,49,27,28,15,6,9,18,11,11
2022-03-05,Mercer,Robert Morris,Home,L,11,13,NA,11,8,19,28,18,26,20,7,13,10,23,30,27,22,15,8,13,14,11,7
2022-03-10,Mercer,Mount St. Mary's,Away,L,12,11,NA,12,8,20,34,19,25,16,4,11,4,15,46,23,34,20,5,11,12,12,7
2022-03-12,Mercer,Wagner,Away,L,4,13,NA,4,3,7,26,15,18,22,7,13,6,19,51,21,23,17,9,13,8,4,11
2022-03-19,Mercer,Air Force,Home,L,10,13,NA,10,2,12,43,21,18,13,9,13,7,20,50,26,26,17,10,13,13,10,11
2022-03-26,Mercer,Utah,Away,L,9,23,NA,9,2,11,31,20,19,16,4,23,12,35,58,36,46,13,6,23,13,9,11
2022-04-02,Mercer,VMI,Away,W,10,13,NA,10,8,18,41,29,26,10,2,13,9,22,55,27,30,13,6,13,14,10,19
2022-04-09,Mercer,Hampton,Home,L,22,6,NA,22,21,43,43,29,30,19,12,6,0,6,29,17,24,22,10,6,11,22,7
2022-04-16,Mercer,Richmond,Away,L,9,22,NA,9,6,15,39,24,34,20,11,22,12,34,45,31,37,17,13,22,9,9,15
2022-04-23,Mercer,Jacksonville,Away,L,5,17,NA,5,3,8,26,18,26,20,6,17,8,25,53,33,27,9,14,17,16,5,13
2022-04-30,Mercer,High Point,Home,W,14,11,NA,14,8,22,48,27,31,21,7,11,2,13,30,25,13,13,8,11,14,14,13
2022-02-06,Merrimack,Hofstra,Away,W,7,8,NA,7,5,12,36,23,22,13,3,8,7,15,31,18,25,17,6,8,10,7,16
2022-02-12,Merrimack,Boston U.,Away,W,10,12,NA,10,6,16,33,22,21,21,6,12,7,19,55,35,43,17,13,12,23,10,12
2022-02-19,Merrimack,Dartmouth,Away,L,8,6,NA,8,5,13,38,24,24,16,7,6,2,8,45,27,26,18,8,6,21,8,16
2022-02-27,Merrimack,Holy Cross,Away,W,11,9,NA,11,4,15,40,25,25,21,9,9,5,14,42,18,26,23,10,9,9,11,14
2022-03-05,Merrimack,UMass Lowell,Home,W,16,10,NA,16,10,26,47,26,32,12,6,10,6,16,43,22,30,17,3,10,12,16,10
2022-03-19,Merrimack,Bryant,Away,L,4,16,NA,4,3,7,34,20,24,18,8,16,6,22,43,27,29,19,9,16,11,4,16
2022-03-26,Merrimack,LIU,Away,L,7,16,NA,7,6,13,32,21,28,13,9,16,10,26,31,25,40,18,7,16,9,7,14
2022-04-02,Merrimack,Mount St. Mary's,Home,L,14,9,NA,14,8,22,40,28,42,20,9,9,5,14,37,22,26,18,6,9,13,14,14
2022-04-09,Merrimack,Sacred Heart,Away,W,11,8,NA,11,6,17,40,29,32,11,5,8,7,15,43,24,25,14,4,8,16,11,17
2022-04-16,Merrimack,Hobart,Home,L,11,12,NA,11,6,17,42,25,35,18,8,12,4,16,52,26,33,17,9,12,14,11,14
2022-04-23,Merrimack,Wagner,Away,L,8,6,NA,8,5,13,33,22,23,11,6,6,5,11,40,22,21,19,2,6,16,8,14
2022-04-30,Merrimack,Saint Joseph's,Home,W,9,17,NA,9,6,15,40,22,28,17,5,17,11,28,43,27,40,18,8,17,10,9,13
2022-02-05,Michigan,Bellarmine,Home,W,22,13,NA,22,13,35,57,38,50,21,6,13,6,19,36,21,26,22,13,13,8,22,16
2022-02-12,Michigan,Detroit Mercy,Home,L,21,5,NA,21,13,34,66,49,48,14,18,5,3,8,25,13,32,28,3,5,8,21,28
2022-02-19,Michigan,Holy Cross,Home,L,20,3,NA,20,14,34,37,32,31,19,11,3,2,5,30,11,21,22,11,3,8,20,12
2022-02-22,Michigan,Canisius,Home,W,23,10,NA,23,14,37,56,40,40,13,13,10,2,12,46,23,32,17,6,10,13,23,17
2022-02-26,Michigan,Cleveland St.,Home,L,13,5,NA,13,9,22,49,30,31,19,14,5,2,7,32,16,16,26,7,5,11,13,17
2022-03-01,Michigan,Marquette,Away,L,12,10,NA,12,8,20,38,26,25,18,3,10,4,14,30,19,25,19,7,10,9,12,14
2022-03-05,Michigan,Delaware,Home,L,18,8,NA,18,12,30,51,30,27,12,8,8,5,13,51,28,25,12,5,8,20,18,12
2022-03-12,Michigan,Harvard,Home,W,9,14,NA,9,6,15,51,21,27,11,8,14,10,24,40,30,28,12,9,14,16,9,12
2022-03-19,Michigan,Notre Dame,Away,L,7,12,NA,7,3,10,43,26,23,18,4,12,7,19,51,29,30,12,11,12,17,7,19
2022-03-26,Michigan,Johns Hopkins,Away,W,12,15,NA,12,7,19,42,23,31,20,5,15,11,26,41,26,29,14,9,15,11,12,11
2022-04-02,Michigan,Maryland,Home,L,12,20,NA,12,9,21,41,25,25,13,8,20,12,32,50,34,32,12,7,20,14,12,13
2022-04-08,Michigan,Penn St.,Away,W,8,9,1,8,5,13,47,23,37,15,8,9,2,11,35,20,34,18,6,9,11,8,15
2022-04-16,Michigan,Rutgers,Home,L,12,13,NA,12,7,19,51,27,40,15,8,13,6,19,38,31,21,10,8,13,18,12,15
2022-04-24,Michigan,Ohio St.,Away,W,12,14,NA,12,7,19,36,26,26,9,3,14,10,24,40,25,42,12,6,14,11,12,14
2022-04-30,Michigan,Ohio St.,Away,W,10,16,NA,10,2,12,46,24,26,14,2,16,8,24,42,27,30,16,8,16,11,10,14
2022-02-19,Monmouth,Princeton,Away,L,6,22,NA,6,2,8,27,16,32,21,5,22,12,34,50,36,40,12,15,22,14,6,10
2022-02-26,Monmouth,Delaware,Away,L,6,17,NA,6,4,10,26,14,26,20,6,17,11,28,57,37,32,9,9,17,20,6,8
2022-03-01,Monmouth,Wagner,Home,W,9,7,NA,9,8,17,39,20,33,17,11,7,2,9,27,18,23,19,6,7,11,9,11
2022-03-05,Monmouth,Saint Joseph's,Away,W,10,15,NA,10,4,14,34,20,25,18,7,15,8,23,47,32,27,10,12,15,17,10,10
2022-03-11,Monmouth,NJIT,Away,W,15,7,NA,15,11,26,49,29,39,10,5,7,4,11,34,20,21,15,2,7,13,15,14
2022-03-15,Monmouth,VMI,Home,L,11,6,NA,11,6,17,32,23,29,16,6,6,0,6,35,14,22,18,6,6,8,11,12
2022-03-26,Monmouth,Quinnipiac,Away,L,9,8,NA,9,5,14,34,17,19,16,10,8,4,12,29,23,22,14,5,8,15,9,8
2022-04-02,Monmouth,Siena,Home,L,1,10,NA,1,1,2,45,22,32,16,9,10,7,17,37,27,30,14,11,10,17,1,21
2022-04-09,Monmouth,St. Bonaventure,Away,W,3,6,NA,3,0,3,38,24,34,18,6,6,3,9,33,23,29,18,11,6,17,3,21
2022-04-16,Monmouth,Canisius,Home,W,6,4,NA,6,3,9,37,24,31,16,14,4,3,7,27,16,24,21,7,4,12,6,18
2022-04-22,Monmouth,Manhattan,Home,W,4,11,NA,4,1,5,32,12,27,19,5,11,3,14,32,18,23,13,7,11,7,4,8
2022-04-30,Monmouth,Marist,Away,W,8,9,1,8,5,13,37,20,28,19,4,9,4,13,34,23,38,11,15,9,14,8,12
2022-02-05,Mount St. Mary's,Navy,Away,W,11,9,NA,11,5,16,41,27,39,21,10,9,7,16,50,30,40,14,12,9,21,11,16
2022-02-12,Mount St. Mary's,Delaware,Away,L,6,12,NA,6,2,8,43,22,32,19,12,12,8,20,45,22,43,23,9,12,10,6,16
2022-02-15,Mount St. Mary's,Towson,Away,L,8,13,NA,8,5,13,38,20,30,19,6,13,10,23,44,28,32,20,8,13,15,8,12
2022-02-19,Mount St. Mary's,Hampton,Home,L,17,5,NA,17,12,29,60,40,44,21,12,5,4,9,29,19,29,32,4,5,14,17,23
2022-02-25,Mount St. Mary's,UMBC,Home,W,9,8,NA,9,5,14,44,20,29,17,6,8,6,14,28,16,26,20,5,8,8,9,11
2022-03-01,Mount St. Mary's,Georgetown,Away,L,4,21,NA,4,1,5,28,11,32,28,8,21,12,33,51,31,41,17,17,21,10,4,7
2022-03-04,Mount St. Mary's,VMI,Home,L,7,8,NA,7,4,11,42,19,37,19,13,8,4,12,29,18,28,28,9,8,10,7,12
2022-03-10,Mount St. Mary's,Mercer,Home,L,11,12,NA,11,4,15,46,23,34,20,5,12,8,20,34,19,25,16,4,12,7,11,12
2022-03-19,Mount St. Mary's,Saint Joseph's,Home,W,6,19,NA,6,2,8,31,15,28,18,6,19,12,31,45,28,29,13,5,19,9,6,9
2022-03-26,Mount St. Mary's,Sacred Heart,Away,L,14,13,NA,14,7,21,41,24,28,18,6,13,8,21,44,34,41,17,9,13,21,14,10
2022-04-02,Mount St. Mary's,Merrimack,Away,L,9,14,NA,9,5,14,37,22,26,18,6,14,8,22,40,28,42,20,9,14,14,9,13
2022-04-09,Mount St. Mary's,LIU,Home,L,10,14,NA,10,8,18,46,30,34,18,12,14,6,20,31,20,25,27,4,14,6,10,20
2022-04-16,Mount St. Mary's,Wagner,Away,L,9,5,NA,9,6,15,42,23,31,18,8,5,2,7,33,16,16,15,4,5,11,9,14
2022-04-23,Mount St. Mary's,Bryant,Home,W,7,14,NA,7,6,13,38,18,29,21,11,14,9,23,46,26,30,20,6,14,12,7,11
2022-04-30,Mount St. Mary's,Hobart,Away,L,7,14,NA,7,4,11,31,17,19,18,5,14,9,23,74,36,48,10,10,14,22,7,10
2022-02-05,NJIT,Delaware,Away,L,9,19,NA,9,6,15,30,15,27,25,3,19,9,28,34,26,24,13,9,19,7,9,6
2022-02-12,NJIT,Lehigh,Home,W,5,10,NA,5,5,10,29,17,13,15,5,10,8,18,56,30,36,13,5,10,20,5,12
2022-02-19,NJIT,Harvard,Away,L,4,17,NA,4,1,5,27,13,20,28,11,17,4,21,47,31,35,23,17,17,14,4,9
2022-02-26,NJIT,Army West Point,Away,L,4,18,NA,4,2,6,41,28,17,20,5,18,14,32,62,38,19,10,8,18,20,4,24
2022-03-05,NJIT,Wagner,Away,W,5,7,NA,5,3,8,48,19,33,26,10,7,3,10,43,25,29,18,14,7,18,5,14
2022-03-11,NJIT,Monmouth,Home,W,7,15,NA,7,4,11,34,20,21,15,2,15,11,26,49,29,39,10,5,15,14,7,13
2022-03-19,NJIT,Vermont,Away,L,3,14,NA,3,0,3,17,12,33,24,7,14,11,25,55,31,36,13,16,14,17,3,9
2022-03-26,NJIT,UMass Lowell,Home,L,7,8,NA,7,5,12,39,13,37,19,8,8,4,12,34,17,40,26,8,8,9,7,6
2022-04-09,NJIT,Stony Brook,Away,W,12,20,NA,12,6,18,38,20,32,21,7,20,11,31,55,34,43,15,8,20,14,12,8
2022-04-12,NJIT,Marist,Away,W,11,12,1,11,7,18,37,24,35,21,3,12,8,20,56,34,35,11,10,12,21,11,13
2022-04-19,NJIT,Binghamton,Home,W,8,18,NA,8,4,12,56,27,30,14,9,18,14,32,47,33,37,17,6,18,15,8,19
2022-04-22,NJIT,UAlbany,Home,W,6,16,NA,6,5,11,29,18,21,25,8,16,11,27,50,24,42,23,12,16,8,6,12
2022-04-29,NJIT,UMBC,Away,L,9,19,NA,9,4,13,27,17,22,21,4,19,10,29,48,27,38,16,11,19,8,9,8
2022-02-05,Navy,Mount St. Mary's,Home,W,9,11,NA,9,7,16,50,30,40,14,12,11,5,16,41,27,39,21,10,11,16,9,21
2022-02-12,Navy,Mercer,Home,L,15,5,NA,15,7,22,64,31,44,16,17,5,3,8,24,15,25,24,4,5,10,15,16
2022-02-18,Navy,Hofstra,Away,W,13,6,NA,13,9,22,38,24,30,18,9,6,0,6,30,13,30,24,6,6,7,13,11
2022-02-20,Navy,"Manhattan Hempstead, NY",Away,L,9,6,NA,9,7,16,35,22,35,21,5,6,6,12,27,13,24,16,8,6,7,9,13
2022-02-26,Navy,High Point,Home,L,13,14,NA,13,8,21,38,21,44,14,6,14,8,22,37,24,27,14,4,14,10,13,8
2022-03-05,Navy,Lehigh,Away,L,7,11,NA,7,3,10,28,17,31,15,9,11,7,18,50,25,41,19,9,11,14,7,10
2022-03-13,Navy,Colgate,Home,W,11,10,NA,11,9,20,39,23,33,18,5,10,3,13,28,18,32,19,10,10,8,11,12
2022-03-18,Navy,Johns Hopkins,Away,L,11,10,NA,11,7,18,38,18,33,18,7,10,7,17,43,22,35,17,10,10,12,11,7
2022-03-26,Navy,Holy Cross,Home,L,14,8,NA,14,6,20,42,26,46,18,3,8,6,14,29,20,26,19,6,8,12,14,12
2022-04-02,Navy,Boston U.,Away,L,9,17,NA,9,4,13,29,17,27,23,11,17,11,28,49,25,42,19,11,17,8,9,8
2022-04-09,Navy,Loyola Maryland,Home,W,7,18,NA,7,3,10,36,20,28,15,5,18,14,32,63,35,43,17,7,18,17,7,13
2022-04-16,Navy,Lafayette,Away,L,9,5,NA,9,4,13,40,19,32,20,10,5,3,8,32,17,23,19,10,5,12,9,10
2022-04-23,Navy,Army West Point,Away,L,12,11,1,12,8,20,35,15,24,19,5,11,3,14,45,22,36,14,9,11,11,12,3
2022-04-29,Navy,Bucknell,Home,L,13,6,NA,13,10,23,48,25,41,17,6,6,4,10,42,22,33,15,7,6,16,13,12
2022-05-03,Navy,Lehigh,Away,L,8,14,NA,8,8,16,42,22,36,18,6,14,9,23,40,24,45,14,12,14,10,8,14
2022-02-11,North Carolina,Richmond,Home,L,13,9,NA,13,10,23,58,29,35,16,11,9,7,16,24,15,21,21,9,9,6,13,16
2022-02-13,North Carolina,Colgate,Home,L,15,9,NA,15,9,24,48,28,27,13,8,9,4,13,33,17,21,22,5,9,8,15,13
2022-02-19,North Carolina,Ohio St.,Home,W,8,20,NA,8,5,13,37,20,26,11,5,20,12,32,53,35,29,10,2,20,15,8,12
2022-02-23,North Carolina,Brown,Home,W,14,11,NA,14,11,25,48,24,41,21,11,11,6,17,38,28,24,16,5,11,17,14,10
2022-02-27,North Carolina,Johns Hopkins,Home,W,15,10,NA,15,10,25,51,35,33,14,8,10,6,16,35,19,31,15,5,10,9,15,20
2022-03-05,North Carolina,Denver,Home,W,17,16,NA,17,12,29,55,31,34,12,7,16,11,27,40,30,18,16,1,16,14,17,14
2022-03-10,North Carolina,Virginia,Home,L,11,15,NA,11,5,16,38,19,36,22,6,15,7,22,53,33,36,15,9,15,18,11,8
2022-03-20,North Carolina,High Point,Away,L,14,12,NA,14,9,23,44,26,29,12,4,12,6,18,39,27,27,12,10,12,15,14,12
2022-03-26,North Carolina,Bellarmine,Home,L,15,8,NA,15,11,26,48,31,36,13,4,8,6,14,26,17,17,14,5,8,9,15,16
2022-04-02,North Carolina,Duke,Home,W,6,15,NA,6,4,10,40,25,21,13,3,15,5,20,48,34,35,11,3,15,19,6,19
2022-04-09,North Carolina,Virginia,Away,L,4,11,NA,4,1,5,31,18,23,18,5,11,6,17,43,22,26,13,8,11,11,4,14
2022-04-16,North Carolina,Syracuse,Home,W,14,13,NA,14,11,25,37,21,30,19,3,13,6,19,54,31,32,12,7,13,18,14,7
2022-04-21,North Carolina,Notre Dame,Away,L,5,12,NA,5,3,8,45,20,26,10,6,12,5,17,46,23,34,11,4,12,11,5,15
2022-05-01,North Carolina,Duke,Away,W,11,19,NA,11,7,18,44,23,30,16,6,19,11,30,41,31,37,15,9,19,12,11,12
2022-02-19,Notre Dame,Detroit Mercy,Home,W,24,2,NA,24,15,39,53,37,33,18,11,2,1,3,38,20,25,21,5,2,18,24,13
2022-02-26,Notre Dame,Georgetown,Home,L,11,16,NA,11,4,15,52,35,38,10,14,16,9,25,38,25,29,20,3,16,9,11,24
2022-03-05,Notre Dame,Maryland,Home,W,9,11,NA,9,3,12,31,21,30,18,10,11,6,17,41,22,29,18,9,11,11,9,12
2022-03-12,Notre Dame,Ohio St.,Away,W,11,14,NA,11,2,13,40,21,34,15,9,14,7,21,36,25,35,18,4,14,11,11,10
2022-03-19,Notre Dame,Michigan,Home,L,12,7,NA,12,7,19,51,29,30,12,11,7,3,10,43,26,23,18,4,7,19,12,17
2022-03-26,Notre Dame,Virginia,Away,L,8,12,NA,8,3,11,47,22,27,17,10,12,5,17,38,24,23,15,8,12,12,8,14
2022-04-02,Notre Dame,Syracuse,Home,L,22,6,NA,22,14,36,38,31,33,17,12,6,1,7,36,21,30,18,7,6,15,22,9
2022-04-09,Notre Dame,Duke,Away,L,16,15,NA,16,9,25,41,21,37,15,4,15,8,23,40,26,23,11,6,15,11,16,5
2022-04-12,Notre Dame,Marquette,Away,W,18,8,NA,18,11,29,50,33,31,13,8,8,2,10,34,24,28,13,7,8,16,18,15
2022-04-21,Notre Dame,North Carolina,Home,L,12,5,NA,12,5,17,46,23,34,11,4,5,3,8,45,20,26,10,6,5,15,12,11
2022-05-01,Notre Dame,Syracuse,Away,L,18,11,NA,18,11,29,45,29,28,11,4,11,4,15,55,33,33,10,9,11,22,18,11
2022-05-07,Notre Dame,Duke,Home,W,16,14,NA,16,9,25,44,33,32,12,10,14,9,23,32,26,31,14,6,14,12,16,17
2022-02-05,Ohio St.,Detroit Mercy,Home,L,18,7,NA,18,11,29,49,31,47,18,11,7,0,7,27,16,27,20,10,7,9,18,13
2022-02-12,Ohio St.,Cleveland St.,Home,L,17,9,NA,17,10,27,53,29,49,19,10,9,4,13,32,16,17,19,6,9,7,17,12
2022-02-19,Ohio St.,North Carolina,Away,W,20,8,NA,20,12,32,53,35,29,10,2,8,5,13,37,20,26,11,5,8,12,20,15
2022-02-26,Ohio St.,"Harvard Naples, Fla.",Away,L,17,12,NA,17,9,26,42,27,36,22,5,12,6,18,38,22,33,20,12,12,10,17,10
2022-03-05,Ohio St.,Cornell,Away,W,11,14,NA,11,5,16,35,22,29,17,7,14,8,22,41,24,29,15,7,14,10,11,11
2022-03-12,Ohio St.,Notre Dame,Home,W,14,11,NA,14,7,21,36,25,35,18,4,11,2,13,40,21,34,15,9,11,10,14,11
2022-03-20,Ohio St.,Denver,Home,L,12,14,NA,12,5,17,43,23,19,12,3,14,10,24,44,22,24,11,8,14,8,12,11
2022-03-22,Ohio St.,Dartmouth,Home,L,12,6,NA,12,8,20,44,26,36,16,2,6,1,7,36,18,26,14,5,6,12,12,14
2022-03-27,Ohio St.,Rutgers,Away,L,7,18,NA,7,3,10,33,20,29,16,5,18,10,28,46,31,40,15,11,18,13,7,13
2022-04-01,Ohio St.,Penn St.,Home,L,18,9,NA,18,10,28,39,30,34,16,8,9,6,15,38,20,26,19,5,9,11,18,12
2022-04-09,Ohio St.,Johns Hopkins,Home,W,12,10,NA,12,6,18,44,22,36,9,5,10,8,18,41,18,29,12,4,10,8,12,10
2022-04-16,Ohio St.,Maryland,Away,W,12,19,NA,12,7,19,35,23,23,13,2,19,12,31,46,38,32,10,7,19,19,12,11
2022-04-24,Ohio St.,Michigan,Home,W,14,12,NA,14,10,24,40,25,42,12,6,12,7,19,36,26,26,9,3,12,14,14,11
2022-04-30,Ohio St.,Michigan,Home,W,16,10,NA,16,8,24,42,27,30,16,8,10,2,12,46,24,26,14,2,10,14,16,11
2022-05-05,Ohio St.,"Rutgers College Park, MD",Away,W,10,12,NA,10,4,14,35,22,25,9,4,12,7,19,47,33,29,7,4,12,21,10,12
2022-05-15,Ohio St.,Cornell,Away,L,8,15,NA,8,3,11,32,21,23,16,5,15,10,25,43,29,33,13,8,15,14,8,13
2022-02-19,Penn,Georgetown,Home,W,8,10,NA,8,6,14,39,19,28,15,7,10,5,15,47,22,37,17,9,10,12,8,11
2022-02-26,Penn,Duke,Away,L,14,13,1,14,8,22,35,24,19,13,3,13,6,19,51,24,37,16,7,13,11,14,10
2022-03-05,Penn,"Penn St. Charlotte, N.C.",Away,W,10,9,NA,10,5,15,34,21,45,16,6,9,4,13,38,23,32,18,5,9,14,10,11
2022-03-13,Penn,Villanova,Away,L,8,7,NA,8,5,13,25,14,23,24,5,7,5,12,51,20,36,18,11,7,13,8,6
2022-03-19,Penn,Princeton,Away,W,20,21,1,20,16,36,41,28,44,18,5,21,12,33,53,35,45,13,10,21,14,20,8
2022-03-26,Penn,Cornell,Home,W,15,11,NA,15,9,24,52,27,46,20,11,11,8,19,42,26,24,14,12,11,15,15,12
2022-04-02,Penn,Yale,Away,W,11,12,1,11,5,16,38,23,30,21,4,12,5,17,41,26,31,14,11,12,14,11,12
2022-04-09,Penn,Brown,Home,L,10,12,NA,10,8,18,46,23,27,17,8,12,7,19,47,29,31,15,5,12,17,10,13
2022-04-16,Penn,Harvard,Home,L,11,8,NA,11,7,18,44,24,35,23,10,8,4,12,36,28,35,18,16,8,20,11,13
2022-04-23,Penn,Dartmouth,Away,L,16,12,NA,16,7,23,33,25,29,20,13,12,6,18,42,24,33,18,8,12,12,16,9
2022-04-26,Penn,Saint Joseph's,Home,W,13,12,1,13,5,18,50,26,34,13,10,12,5,17,37,20,25,15,2,12,8,13,13
2022-04-30,Penn,UAlbany,Away,L,19,11,NA,19,13,32,40,25,42,14,9,11,5,16,41,23,38,16,9,11,12,19,6
2022-05-06,Penn,Brown,Away,W,14,9,NA,14,10,24,41,23,31,22,7,9,4,13,45,29,31,14,9,9,20,14,9
2022-05-08,Penn,"Yale Providence, R.I.",Away,W,16,9,NA,16,9,25,42,27,32,21,6,9,5,14,46,25,34,20,10,9,16,16,11
2022-05-14,Penn,Richmond,Home,W,11,10,1,11,7,18,39,22,33,19,13,10,6,16,35,25,27,17,10,10,15,11,11
2022-05-21,Penn,"Rutgers Hempstead, NY",Away,L,9,11,NA,9,6,15,46,27,37,15,4,11,6,17,47,25,25,13,7,11,14,9,18
2022-02-05,Penn St.,Lafayette,Home,W,20,15,NA,20,14,34,52,29,36,17,9,15,5,20,41,25,32,17,11,15,10,20,9
2022-02-12,Penn St.,Villanova,Home,L,12,13,NA,12,3,15,28,25,35,18,9,13,6,19,45,26,29,15,11,13,13,12,13
2022-02-16,Penn St.,Vermont,Home,L,10,16,NA,10,7,17,31,20,27,16,7,16,8,24,67,31,36,16,6,16,15,10,10
2022-02-19,Penn St.,Saint Joseph's,Away,W,13,15,NA,13,9,22,42,21,21,15,5,15,3,18,50,30,31,12,3,15,15,13,8
2022-02-26,Penn St.,Yale,Home,L,10,6,NA,10,7,17,42,26,30,14,12,6,5,11,35,27,36,16,7,6,21,10,16
2022-03-05,Penn St.,"Penn Charlotte, N.C.",Away,L,9,10,NA,9,4,13,38,23,32,18,5,10,5,15,34,21,45,16,6,10,11,9,14
2022-03-12,Penn St.,Cornell,Home,L,15,16,NA,15,11,26,45,26,35,16,6,16,9,25,51,32,41,13,8,16,16,15,11
2022-03-15,Penn St.,Bucknell,Away,W,11,12,NA,11,7,18,40,22,34,25,11,12,7,19,45,25,41,17,13,12,13,11,11
2022-03-27,Penn St.,Maryland,Home,W,7,18,NA,7,1,8,33,21,33,19,9,18,7,25,44,31,39,18,9,18,13,7,14
2022-04-01,Penn St.,Ohio St.,Away,L,9,18,NA,9,6,15,38,20,26,19,5,18,10,28,39,30,34,16,8,18,12,9,11
2022-04-08,Penn St.,Michigan,Home,W,9,8,1,9,2,11,35,20,34,18,6,8,5,13,47,23,37,15,8,8,15,9,11
2022-04-16,Penn St.,Johns Hopkins,Away,W,10,13,NA,10,7,17,34,18,27,17,6,13,12,25,51,31,40,14,12,13,18,10,8
2022-04-24,Penn St.,Rutgers,Away,W,14,15,1,14,5,19,42,24,25,14,4,15,9,24,51,29,35,11,7,15,14,14,10
2022-04-30,Penn St.,Johns Hopkins,Away,L,8,16,NA,8,7,15,37,22,30,18,7,16,7,23,54,33,35,17,9,16,17,8,14
2022-02-19,Princeton,Monmouth,Home,L,22,6,NA,22,12,34,50,36,40,12,15,6,2,8,27,16,32,21,5,6,10,22,14
2022-02-22,Princeton,Binghamton,Home,L,22,9,NA,22,13,35,53,34,44,14,15,9,4,13,36,24,30,22,6,9,15,22,12
2022-02-26,Princeton,Maryland,Away,W,10,15,NA,10,3,13,23,18,22,17,4,15,9,24,50,34,42,12,13,15,19,10,8
2022-03-05,Princeton,Georgetown,Away,W,10,8,NA,10,5,15,39,25,34,14,17,8,2,10,38,25,36,22,10,8,17,10,15
2022-03-11,Princeton,Rutgers,Home,W,16,11,NA,16,7,23,46,29,36,15,6,11,6,17,58,32,31,7,10,11,21,16,13
2022-03-19,Princeton,Penn,Home,W,21,20,1,21,12,33,53,35,45,13,10,20,16,36,41,28,44,18,5,20,8,21,14
2022-03-26,Princeton,Yale,Away,W,12,14,NA,12,5,17,52,31,44,23,6,14,8,22,54,27,31,17,13,14,13,12,19
2022-04-02,Princeton,Brown,Away,W,17,9,NA,17,6,23,42,27,32,12,5,9,4,13,45,24,28,14,7,9,15,17,10
2022-04-05,Princeton,Marist,Home,L,18,7,NA,18,10,28,58,38,43,13,12,7,4,11,30,17,27,21,6,7,10,18,20
2022-04-09,Princeton,Boston U.,Home,L,12,7,NA,12,9,21,43,22,45,23,12,7,1,8,43,21,38,23,12,7,14,12,10
2022-04-16,Princeton,Dartmouth,Home,W,12,10,NA,12,7,19,54,28,36,15,18,10,5,15,41,25,37,20,5,10,15,12,16
2022-04-23,Princeton,Harvard,Away,W,16,19,NA,16,8,24,55,34,36,9,7,19,9,28,44,30,31,18,4,19,11,16,18
2022-04-30,Princeton,Cornell,Home,L,15,18,NA,15,8,23,43,25,38,14,8,18,8,26,52,30,48,12,9,18,12,15,10
2022-05-14,Princeton,Boston U.,Home,L,12,5,NA,12,7,19,43,21,50,24,15,5,3,8,30,20,29,20,13,5,15,12,9
2022-05-21,Princeton,"Yale Hempstead, NY",Away,L,14,10,NA,14,6,20,46,34,33,16,4,10,5,15,46,27,39,15,6,10,17,14,20
2022-05-28,Princeton,"Maryland East Hartford, Conn.",Away,L,8,13,NA,8,3,11,47,29,34,16,5,13,8,21,45,26,38,19,8,13,13,8,21
2022-02-05,Providence,"Holy Cross Smithfield, R.I.",Away,W,16,9,NA,16,7,23,43,29,28,13,7,9,6,15,48,26,29,20,7,9,17,16,13
2022-02-12,Providence,Bryant,Home,W,7,19,NA,7,2,9,32,22,31,19,7,19,10,29,57,35,44,17,13,19,16,7,15
2022-02-19,Providence,Siena,Away,W,13,8,NA,13,10,23,48,26,29,16,10,8,4,12,48,26,23,19,4,8,18,13,13
2022-02-26,Providence,Saint Joseph's,Home,W,8,15,NA,8,4,12,34,18,18,18,8,15,10,25,47,30,38,17,9,15,15,8,10
2022-03-05,Providence,Brown,Home,L,10,22,NA,10,4,14,50,24,25,13,7,22,10,32,51,29,36,13,6,22,7,10,14
2022-03-08,Providence,Sacred Heart,Home,W,16,12,NA,16,11,27,45,29,39,13,4,12,6,18,34,18,23,11,4,12,6,16,13
2022-03-12,Providence,Vermont,Home,W,12,10,NA,12,5,17,40,22,24,15,9,10,5,15,38,17,27,21,7,10,7,12,10
2022-03-19,Providence,Fairfield,Away,W,11,15,NA,11,3,14,57,34,30,14,5,15,8,23,52,28,34,15,8,15,13,11,23
2022-03-26,Providence,Hofstra,Home,L,10,9,1,10,5,15,33,16,29,24,6,9,8,17,39,22,26,16,11,9,13,10,6
2022-04-02,Providence,Marquette,Away,W,11,16,NA,11,5,16,42,25,25,13,5,16,9,25,41,23,34,18,4,16,7,11,14
2022-04-09,Providence,Georgetown,Home,W,5,15,NA,5,2,7,30,13,20,14,5,15,10,25,57,33,49,13,7,15,18,5,8
2022-04-16,Providence,Villanova,Away,W,13,18,NA,13,8,21,49,29,37,14,5,18,12,30,53,28,38,13,12,18,10,13,16
2022-04-23,Providence,Denver,Home,W,3,16,NA,3,3,6,39,16,28,21,4,16,9,25,41,22,28,19,7,16,6,3,13
2022-04-30,Providence,St. John's (NY),Away,L,20,14,NA,20,10,30,52,28,34,21,7,14,10,24,41,23,19,14,10,14,9,20,8
2022-02-12,Quinnipiac,UMass Lowell,Away,L,15,14,NA,15,11,26,50,23,38,22,8,14,9,23,56,31,31,12,12,14,17,15,8
2022-02-16,Quinnipiac,LIU,Away,L,7,12,NA,7,4,11,44,26,41,13,3,12,6,18,34,27,50,13,6,12,15,7,19
2022-02-19,Quinnipiac,Brown,Away,W,13,19,NA,13,6,19,46,30,21,11,5,19,9,28,51,30,27,10,3,19,11,13,17
2022-02-25,Quinnipiac,Sacred Heart,Away,W,10,13,NA,10,7,17,37,23,41,22,4,13,9,22,43,28,28,12,11,13,15,10,13
2022-03-08,Quinnipiac,Fairfield,Away,W,10,14,NA,10,6,16,45,25,32,14,10,14,10,24,40,25,29,20,6,14,11,10,15
2022-03-19,Quinnipiac,Manhattan,Away,W,7,9,NA,7,0,7,37,23,21,15,7,9,5,14,39,20,18,10,10,9,11,7,16
2022-03-26,Quinnipiac,Monmouth,Home,L,8,9,NA,8,4,12,29,23,22,14,5,9,5,14,34,17,19,16,10,9,8,8,15
2022-04-02,Quinnipiac,Marist,Home,L,10,17,NA,10,5,15,36,22,30,16,11,17,10,27,42,31,31,18,6,17,14,10,12
2022-04-09,Quinnipiac,Canisius,Away,L,15,10,NA,15,8,23,54,28,37,14,7,10,9,19,36,22,24,17,5,10,12,15,13
2022-04-16,Quinnipiac,Virginia,Away,L,9,21,NA,9,2,11,27,17,29,19,7,21,11,32,57,37,50,16,10,21,16,9,8
2022-04-23,Quinnipiac,St. Bonaventure,Home,W,8,10,NA,8,3,11,45,29,21,15,10,10,9,19,34,21,21,19,7,10,11,8,21
2022-04-26,Quinnipiac,Yale,Away,W,13,20,NA,13,9,22,46,24,40,30,9,20,12,32,50,39,44,19,16,20,19,13,11
2022-04-30,Quinnipiac,Siena,Away,W,10,15,NA,10,5,15,49,25,37,23,10,15,8,23,43,28,33,14,12,15,13,10,15
2022-02-11,Richmond,North Carolina,Away,L,9,13,NA,9,7,16,24,15,21,21,9,13,10,23,58,29,35,16,11,13,16,9,6
2022-02-19,Richmond,Marist,Home,L,18,4,NA,18,14,32,58,35,34,19,11,4,3,7,28,15,23,22,14,4,11,18,17
2022-02-26,Richmond,Towson,Away,L,16,15,3,16,8,24,54,30,38,14,1,15,11,26,57,36,42,12,8,15,21,16,14
2022-03-01,Richmond,St. Bonaventure,Home,L,17,3,NA,17,12,29,60,39,40,11,14,3,2,5,32,18,21,20,6,3,15,17,22
2022-03-05,Richmond,Duke,Away,L,8,14,NA,8,5,13,42,28,25,14,5,14,8,22,56,30,29,13,5,14,16,8,20
2022-03-12,Richmond,Georgetown,Home,L,10,15,NA,10,7,17,37,17,23,16,7,15,7,22,45,29,41,17,12,15,14,10,7
2022-03-20,Richmond,UMBC,Home,L,14,9,NA,14,10,24,40,27,35,11,14,9,6,15,22,15,22,21,6,9,6,14,13
2022-03-26,Richmond,Hampton,Away,W,20,5,NA,20,18,38,55,51,35,9,15,5,2,7,12,8,12,15,9,5,3,20,31
2022-04-02,Richmond,Virginia,Home,W,17,13,NA,17,9,26,44,27,38,17,9,13,8,21,47,29,42,16,12,13,16,17,10
2022-04-09,Richmond,Jacksonville,Away,W,11,13,NA,11,6,17,31,21,27,19,8,13,8,21,38,27,28,15,15,13,14,11,10
2022-04-16,Richmond,Mercer,Home,L,22,9,NA,22,12,34,45,31,37,17,13,9,6,15,39,24,34,20,11,9,15,22,9
2022-04-23,Richmond,High Point,Away,W,16,5,NA,16,9,25,40,30,31,19,6,5,4,9,40,25,25,18,13,5,20,16,14
2022-04-30,Richmond,VMI,Home,W,14,12,NA,14,10,24,41,26,43,13,13,12,8,20,36,20,23,16,7,12,8,14,12
2022-05-05,Richmond,"High Point High Point, N.C.",Away,L,12,11,NA,12,8,20,42,20,34,15,7,11,6,17,46,29,29,14,8,11,18,12,8
2022-05-07,Richmond,"Jacksonville High Point, N.C.",Away,W,10,9,NA,10,4,14,46,21,33,13,12,9,3,12,32,16,28,18,7,9,7,10,11
2022-05-14,Richmond,Penn,Away,W,10,11,1,10,6,16,35,25,27,17,10,11,7,18,39,22,33,19,13,11,11,10,15
2022-02-04,Robert Morris,Duke,Away,W,12,21,NA,12,7,19,42,28,34,27,9,21,12,33,50,35,49,23,11,21,14,12,16
2022-02-12,Robert Morris,Bucknell,Home,L,12,14,NA,12,8,20,43,20,25,23,8,14,7,21,39,29,22,20,9,14,15,12,8
2022-02-19,Robert Morris,Stony Brook,Away,W,14,18,NA,14,9,23,38,31,30,17,9,18,9,27,51,29,40,14,7,18,11,14,17
2022-03-05,Robert Morris,Mercer,Away,L,13,11,NA,13,10,23,30,27,22,15,8,11,8,19,28,18,26,20,7,11,7,13,14
2022-03-09,Robert Morris,Canisius,Home,L,23,6,NA,23,12,35,51,39,33,11,17,6,4,10,34,21,24,25,2,6,15,23,16
2022-03-11,Robert Morris,High Point,Home,L,11,13,NA,11,7,18,44,28,32,21,6,13,9,22,30,21,31,17,8,13,8,11,17
2022-03-19,Robert Morris,Marquette,Home,L,10,7,NA,10,6,16,35,20,20,13,18,7,6,13,32,19,19,23,3,7,12,10,10
2022-03-26,Robert Morris,Drexel,Home,W,15,14,NA,15,10,25,46,32,45,21,5,14,12,26,39,24,36,19,7,14,10,15,17
2022-04-02,Robert Morris,Detroit Mercy,Away,W,12,5,NA,12,9,21,47,25,44,19,12,5,0,5,38,20,38,22,5,5,15,12,13
2022-04-09,Robert Morris,Bellarmine,Home,L,12,9,NA,12,7,19,35,23,32,15,12,9,7,16,31,18,28,17,6,9,9,12,11
2022-04-16,Robert Morris,Utah,Away,L,8,18,NA,8,1,9,34,18,26,18,5,18,12,30,63,33,47,14,9,18,15,8,10
2022-04-23,Robert Morris,Air Force,Home,W,11,10,NA,11,7,18,37,18,21,25,8,10,5,15,49,26,19,11,15,10,16,11,7
2022-04-30,Robert Morris,Cleveland St.,Away,L,19,12,NA,19,15,34,48,33,45,13,7,12,8,20,46,34,40,19,5,12,22,19,14
2022-05-05,Robert Morris,"Air Force Huntsville, Ala.",Away,L,9,7,NA,9,5,14,23,20,14,19,9,7,5,12,51,21,24,22,12,7,14,9,11
2022-05-07,Robert Morris,"Utah Huntsville, Ala.",Away,L,18,17,1,18,10,28,42,30,23,11,7,17,14,31,39,27,26,14,5,17,10,18,12
2022-05-11,Robert Morris,Delaware,Away,L,8,20,NA,8,5,13,30,17,21,17,6,20,12,32,51,33,38,13,11,20,13,8,9
2022-02-05,Rutgers,LIU,Home,L,15,6,NA,15,7,22,51,30,41,22,13,6,3,9,22,14,20,31,6,6,8,15,15
2022-02-09,Rutgers,Marist,Home,W,13,10,NA,13,9,22,63,34,48,13,9,10,4,14,48,29,28,15,9,10,19,13,21
2022-02-12,Rutgers,St. John's (NY),Away,W,23,6,NA,23,11,34,59,37,26,20,13,6,5,11,29,19,22,20,12,6,13,23,14
2022-02-19,Rutgers,Army West Point,Home,W,13,10,NA,13,7,20,46,22,34,15,7,10,7,17,48,25,25,14,6,10,15,13,9
2022-02-26,Rutgers,Loyola Maryland,Away,L,13,12,NA,13,3,16,41,25,24,12,7,12,9,21,37,22,30,14,7,12,10,13,12
2022-03-05,Rutgers,Stony Brook,Away,L,17,16,NA,17,8,25,53,33,27,6,9,16,4,20,45,28,45,14,2,16,12,17,16
2022-03-11,Rutgers,Princeton,Away,W,11,16,NA,11,6,17,58,32,31,7,10,16,7,23,46,29,36,15,6,16,13,11,21
2022-03-15,Rutgers,Lafayette,Home,W,22,10,NA,22,15,37,45,31,38,16,17,10,7,17,32,22,35,21,6,10,12,22,9
2022-03-19,Rutgers,Hofstra,Away,L,22,10,NA,22,14,36,54,34,35,10,4,10,3,13,37,23,34,11,5,10,13,22,12
2022-03-27,Rutgers,Ohio St.,Home,L,18,7,NA,18,10,28,46,31,40,15,11,7,3,10,33,20,29,16,5,7,13,18,13
2022-04-03,Rutgers,Johns Hopkins,Home,L,12,7,NA,12,6,18,35,19,39,21,10,7,1,8,29,14,30,20,8,7,7,12,7
2022-04-10,Rutgers,Maryland,Away,L,9,17,NA,9,4,13,36,23,17,9,6,17,13,30,45,32,32,13,3,17,15,9,14
2022-04-16,Rutgers,Michigan,Away,L,13,12,NA,13,6,19,38,31,21,10,8,12,7,19,51,27,40,15,8,12,15,13,18
2022-04-24,Rutgers,Penn St.,Home,W,15,14,1,15,9,24,51,29,35,11,7,14,5,19,42,24,25,14,4,14,10,15,14
2022-05-05,Rutgers,"Ohio St. College Park, MD",Away,L,12,10,NA,12,7,19,47,33,29,7,4,10,4,14,35,22,25,9,4,10,12,12,21
2022-05-07,Rutgers,Maryland,Away,L,7,17,NA,7,3,10,35,18,26,16,7,17,12,29,47,29,42,13,11,17,12,7,11
2022-05-15,Rutgers,"Harvard Piscataway, N.J.",Away,W,19,9,NA,19,12,31,47,32,37,15,6,9,6,15,36,26,27,15,9,9,17,19,13
2022-05-21,Rutgers,"Penn Hempstead, NY",Away,W,11,9,NA,11,6,17,47,25,25,13,7,9,6,15,46,27,37,15,4,9,18,11,14
2022-05-28,Rutgers,"Cornell East Hartford, Conn.",Away,W,10,17,NA,10,7,17,45,26,36,15,6,17,5,22,37,30,45,12,6,17,13,10,16
2022-02-12,Sacred Heart,Hofstra,Away,L,9,21,NA,9,7,16,32,17,25,29,4,21,10,31,42,34,43,15,14,21,13,9,8
2022-02-25,Sacred Heart,Quinnipiac,Home,W,13,10,NA,13,9,22,43,28,28,12,11,10,7,17,37,23,41,22,4,10,13,13,15
2022-03-01,Sacred Heart,Fairfield,Home,L,16,19,NA,16,5,21,52,33,42,7,11,19,9,28,47,33,40,17,0,19,14,16,17
2022-03-08,Sacred Heart,Providence,Away,W,12,16,NA,12,6,18,34,18,23,11,4,16,11,27,45,29,39,13,4,16,13,12,6
2022-03-12,Sacred Heart,UMass Lowell,Away,L,14,10,NA,14,11,25,40,25,21,13,10,10,4,14,52,31,36,17,8,10,21,14,11
2022-03-19,Sacred Heart,Hobart,Home,W,9,8,1,9,5,14,34,19,22,21,7,8,5,13,46,22,34,18,9,8,14,9,10
2022-03-26,Sacred Heart,Mount St. Mary's,Home,L,13,14,NA,13,8,21,44,34,41,17,9,14,7,21,41,24,28,18,6,14,10,13,21
2022-03-29,Sacred Heart,Lafayette,Home,W,8,16,NA,8,6,14,29,13,24,18,6,16,6,22,43,30,34,7,8,16,14,8,5
2022-04-02,Sacred Heart,Wagner,Away,L,8,14,NA,8,6,14,33,17,27,16,5,14,2,16,49,31,23,12,7,14,17,8,9
2022-04-09,Sacred Heart,Merrimack,Home,W,8,11,NA,8,7,15,43,24,25,14,4,11,6,17,40,29,32,11,5,11,17,8,16
2022-04-16,Sacred Heart,Bryant,Away,W,10,22,NA,10,6,16,31,22,30,21,12,22,12,34,47,33,44,24,13,22,11,10,12
2022-04-23,Sacred Heart,Saint Joseph's,Away,L,7,14,NA,7,4,11,28,18,20,14,6,14,13,27,37,22,31,17,8,14,8,7,11
2022-04-30,Sacred Heart,LIU,Home,L,10,15,NA,10,4,14,33,20,23,18,8,15,10,25,42,32,37,19,6,15,17,10,10
2022-02-12,Saint Joseph's,St. Bonaventure,Home,W,12,11,NA,12,7,19,62,34,25,10,4,11,6,17,28,23,17,11,3,11,12,12,22
2022-02-15,Saint Joseph's,Delaware,Home,L,11,12,NA,11,8,19,37,22,23,20,6,12,6,18,35,26,23,12,8,12,14,11,11
2022-02-19,Saint Joseph's,Penn St.,Home,W,15,13,NA,15,3,18,50,30,31,12,3,13,9,22,42,21,21,15,5,13,8,15,15
2022-02-26,Saint Joseph's,Providence,Away,W,15,8,NA,15,10,25,47,30,38,17,9,8,4,12,34,18,18,18,8,8,10,15,15
2022-03-05,Saint Joseph's,Monmouth,Home,W,15,10,NA,15,8,23,47,32,27,10,12,10,4,14,34,20,25,18,7,10,10,15,17
2022-03-08,Saint Joseph's,Drexel,Away,W,17,18,NA,17,5,22,49,26,36,16,5,18,12,30,44,30,23,9,7,18,12,17,9
2022-03-11,Saint Joseph's,Towson,Home,L,11,8,NA,11,6,17,39,25,29,19,4,8,5,13,45,20,24,13,5,8,12,11,14
2022-03-19,Saint Joseph's,Mount St. Mary's,Away,W,19,6,NA,19,12,31,45,28,29,13,5,6,2,8,31,15,28,18,6,6,9,19,9
2022-03-26,Saint Joseph's,Wagner,Away,W,12,6,NA,12,7,19,38,25,36,23,5,6,3,9,43,18,21,13,10,6,12,12,13
2022-04-02,Saint Joseph's,Hobart,Home,W,16,12,NA,16,7,23,32,25,27,16,2,12,3,15,47,24,20,12,4,12,12,16,9
2022-04-09,Saint Joseph's,Bryant,Home,W,11,10,NA,11,8,19,49,22,23,15,9,10,6,16,40,20,28,23,4,10,10,11,11
2022-04-16,Saint Joseph's,LIU,Away,L,14,10,NA,14,10,24,39,28,25,19,9,10,8,18,26,18,29,21,9,10,8,14,14
2022-04-23,Saint Joseph's,Sacred Heart,Home,L,14,7,NA,14,13,27,37,22,31,17,8,7,4,11,28,18,20,14,6,7,11,14,8
2022-04-26,Saint Joseph's,Penn,Away,W,12,13,1,12,5,17,37,20,25,15,2,13,5,18,50,26,34,13,10,13,13,12,8
2022-04-30,Saint Joseph's,Merrimack,Away,W,17,9,NA,17,11,28,43,27,40,18,8,9,6,15,40,22,28,17,5,9,13,17,10
2022-05-05,Saint Joseph's,LIU,Home,W,11,10,NA,11,5,16,35,20,27,17,7,10,7,17,39,21,27,14,8,10,11,11,9
2022-05-07,Saint Joseph's,Hobart,Home,L,14,7,NA,14,6,20,44,24,29,14,8,7,5,12,38,23,25,13,6,7,16,14,10
2022-05-14,Saint Joseph's,Yale,Away,W,16,18,NA,16,5,21,45,32,35,18,9,18,13,31,42,27,35,21,11,18,9,16,16
2022-02-12,Siena,LIU,Away,L,7,14,NA,7,7,14,42,25,53,21,4,14,8,22,43,28,57,17,9,14,14,7,18
2022-02-19,Siena,Providence,Home,W,8,13,NA,8,4,12,48,26,23,19,4,13,10,23,48,26,29,16,10,13,13,8,18
2022-02-23,Siena,Army West Point,Away,W,10,20,NA,10,6,16,39,27,24,13,4,20,11,31,61,40,36,11,7,20,20,10,17
2022-02-27,Siena,UMass Lowell,Away,L,14,10,NA,14,9,23,51,28,34,16,10,10,5,15,41,27,28,15,8,10,17,14,14
2022-03-02,Siena,UAlbany,Away,L,7,11,NA,7,5,12,37,17,29,15,8,11,6,17,36,22,36,19,10,11,11,7,10
2022-03-05,Siena,Dartmouth,Home,W,9,11,NA,9,7,16,35,18,31,22,9,11,8,19,52,25,41,16,11,11,14,9,9
2022-03-11,Siena,St. John's (NY),Home,W,13,10,NA,13,8,21,31,23,25,17,8,10,9,19,49,27,24,14,9,10,17,13,10
2022-03-20,Siena,Canisius,Away,W,8,9,NA,8,5,13,34,18,15,16,9,9,5,14,40,21,33,22,3,9,12,8,10
2022-03-26,Siena,Marist,Away,W,10,11,NA,10,5,15,41,24,29,17,7,11,6,17,40,27,37,14,9,11,16,10,14
2022-04-02,Siena,Monmouth,Away,L,10,1,NA,10,7,17,37,27,30,14,11,1,1,2,45,22,32,16,9,1,21,10,17
2022-04-09,Siena,Manhattan,Home,L,7,8,NA,7,3,10,37,14,25,16,5,8,5,13,29,20,28,14,4,8,12,7,7
2022-04-16,Siena,St. Bonaventure,Home,W,14,11,NA,14,7,21,52,31,35,12,10,11,5,16,32,20,25,19,4,11,9,14,17
2022-04-23,Siena,Holy Cross,Away,W,11,8,NA,11,6,17,38,24,26,16,10,8,3,11,41,21,35,22,8,8,13,11,13
2022-04-30,Siena,Quinnipiac,Home,W,15,10,NA,15,8,23,43,28,33,14,12,10,5,15,49,25,37,23,10,10,15,15,13
2022-05-05,Siena,"St. Bonaventure Poughkeepsie, N.Y.",Away,W,10,12,NA,10,7,17,57,37,47,11,6,12,9,21,29,20,21,16,6,12,8,10,27
2022-02-12,St. Bonaventure,Saint Joseph's,Away,W,11,12,NA,11,6,17,28,23,17,11,3,12,7,19,62,34,25,10,4,12,22,11,12
2022-02-22,St. Bonaventure,Bellarmine,Home,W,13,12,NA,13,10,23,32,24,31,19,10,12,6,18,45,31,37,15,9,12,19,13,11
2022-02-26,St. Bonaventure,VMI,Away,L,9,8,1,9,6,15,32,19,23,20,8,8,5,13,46,25,32,18,14,8,17,9,10
2022-03-01,St. Bonaventure,Richmond,Away,L,3,17,NA,3,2,5,32,18,21,20,6,17,12,29,60,39,40,11,14,17,22,3,15
2022-03-05,St. Bonaventure,Hampton,Home,W,21,0,NA,21,16,37,54,38,43,18,16,0,0,0,7,4,16,25,10,0,4,21,17
2022-03-11,St. Bonaventure,Cleveland St.,Home,L,12,5,NA,12,6,18,40,24,27,17,7,5,4,9,32,24,21,13,6,5,19,12,12
2022-03-13,St. Bonaventure,Cleveland St.,Away,L,11,10,NA,11,6,17,38,25,26,13,4,10,8,18,51,24,36,15,6,10,14,11,14
2022-03-19,St. Bonaventure,Marist,Away,L,7,6,NA,7,5,12,25,13,26,19,8,6,5,11,49,25,40,10,10,6,19,7,6
2022-03-26,St. Bonaventure,Manhattan,Home,L,15,9,NA,15,8,23,38,25,36,15,8,9,6,15,41,24,25,14,8,9,15,15,10
2022-04-09,St. Bonaventure,Monmouth,Home,W,6,3,NA,6,3,9,33,23,29,18,11,3,0,3,38,24,34,18,6,3,21,6,17
2022-04-16,St. Bonaventure,Siena,Away,W,11,14,NA,11,5,16,32,20,25,19,4,14,7,21,52,31,35,12,10,14,17,11,9
2022-04-23,St. Bonaventure,Quinnipiac,Away,W,10,8,NA,10,9,19,34,21,21,19,7,8,3,11,45,29,21,15,10,8,21,10,11
2022-04-30,St. Bonaventure,Canisius,Home,W,13,12,NA,13,8,21,35,21,30,14,9,12,6,18,52,28,34,13,4,12,16,13,8
2022-05-05,St. Bonaventure,"Siena Poughkeepsie, N.Y.",Away,L,12,10,NA,12,9,21,29,20,21,16,6,10,7,17,57,37,47,11,6,10,27,12,8
2022-05-07,St. Bonaventure,Manhattan,Home,L,7,8,NA,7,1,8,35,12,34,14,7,8,0,8,35,17,34,14,7,8,9,7,5
2022-02-12,St. John's (NY),Rutgers,Home,W,6,23,NA,6,5,11,29,19,22,20,12,23,11,34,59,37,26,20,13,23,14,6,13
2022-02-19,St. John's (NY),Bucknell,Away,L,7,23,NA,7,4,11,28,11,22,27,7,23,16,39,56,35,52,21,14,23,12,7,4
2022-02-25,St. John's (NY),"Stony Brook Hempstead, N.Y.",Away,W,10,17,NA,10,5,15,32,16,28,16,3,17,8,25,39,21,33,18,5,17,4,10,6
2022-02-27,St. John's (NY),Hofstra,Away,L,6,12,NA,6,3,9,32,20,23,15,5,12,4,16,37,22,37,18,8,12,10,6,14
2022-03-05,St. John's (NY),Manhattan,Home,W,9,7,NA,9,6,15,47,23,33,16,3,7,3,10,38,18,9,9,6,7,11,9,14
2022-03-11,St. John's (NY),Siena,Away,W,10,13,NA,10,9,19,49,27,24,14,9,13,8,21,31,23,25,17,8,13,10,10,17
2022-03-19,St. John's (NY),Dartmouth,Away,W,10,17,NA,10,10,20,29,18,28,20,4,17,13,30,53,32,36,12,10,17,15,10,8
2022-03-22,St. John's (NY),Fairfield,Away,L,17,14,NA,17,11,28,42,26,27,15,10,14,7,21,50,31,40,18,10,14,17,17,9
2022-03-26,St. John's (NY),Jacksonville,Away,L,4,25,NA,4,2,6,25,14,18,17,8,25,14,39,52,41,39,16,13,25,16,4,10
2022-04-02,St. John's (NY),Villanova,Home,W,9,22,NA,9,7,16,31,20,14,14,5,22,13,35,64,40,30,8,10,22,18,9,11
2022-04-09,St. John's (NY),Marquette,Home,L,13,23,NA,13,8,21,39,27,14,15,6,23,14,37,58,36,40,13,6,23,13,13,14
2022-04-16,St. John's (NY),Denver,Away,L,4,18,NA,4,4,8,25,16,25,17,3,18,12,30,54,33,37,7,12,18,15,4,12
2022-04-23,St. John's (NY),Georgetown,Away,L,6,23,NA,6,5,11,28,22,22,18,5,23,16,39,57,36,45,17,11,23,13,6,16
2022-04-30,St. John's (NY),Providence,Home,L,14,20,NA,14,10,24,41,23,19,14,10,20,10,30,52,28,34,21,7,20,8,14,9
2022-02-12,Stony Brook,Fairfield,Home,W,13,12,NA,13,6,19,54,27,39,17,11,12,7,19,44,25,42,20,11,12,13,13,14
2022-02-19,Stony Brook,Robert Morris,Home,W,18,14,NA,18,9,27,51,29,40,14,7,14,9,23,38,31,30,17,9,14,17,18,11
2022-02-25,Stony Brook,"St. John's (NY) Hempstead, N.Y.",Away,L,17,10,NA,17,8,25,39,21,33,18,5,10,5,15,32,16,28,16,3,10,6,17,4
2022-02-27,Stony Brook,"LIU Hempstead, NY",Away,W,10,6,NA,10,6,16,42,22,35,18,5,6,3,9,35,17,29,19,8,6,11,10,12
2022-03-05,Stony Brook,Rutgers,Home,L,16,17,NA,16,4,20,45,28,45,14,2,17,8,25,53,33,27,6,9,17,16,16,12
2022-03-12,Stony Brook,Brown,Away,L,7,10,NA,7,1,8,42,25,28,22,11,10,5,15,31,21,30,20,15,10,11,7,18
2022-03-16,Stony Brook,UMass Lowell,Home,L,17,9,NA,17,10,27,52,34,39,15,7,9,5,14,39,19,28,24,6,9,10,17,17
2022-03-19,Stony Brook,Syracuse,Home,W,9,14,NA,9,5,14,43,22,33,18,7,14,8,22,46,30,36,15,11,14,16,9,13
2022-03-26,Stony Brook,UAlbany,Away,W,10,12,NA,10,7,17,41,22,34,16,14,12,9,21,38,21,34,22,6,12,9,10,12
2022-04-05,Stony Brook,Dartmouth,Away,L,14,13,NA,14,6,20,37,25,31,19,9,13,8,21,49,29,37,17,9,13,16,14,11
2022-04-09,Stony Brook,NJIT,Home,W,20,12,NA,20,11,31,55,34,43,15,8,12,6,18,38,20,32,21,7,12,8,20,14
2022-04-16,Stony Brook,Binghamton,Away,L,7,3,NA,7,4,11,48,27,17,9,5,3,3,6,29,13,8,25,5,3,10,7,20
2022-04-23,Stony Brook,UMBC,Away,L,13,11,NA,13,7,20,46,32,36,21,6,11,6,17,46,25,26,18,6,11,14,13,19
2022-04-30,Stony Brook,Vermont,Home,L,10,19,NA,10,7,17,28,17,29,17,8,19,13,32,43,27,46,19,6,19,8,10,7
2022-02-12,Syracuse,Holy Cross,Home,L,28,5,NA,28,16,44,49,34,48,12,11,5,3,8,26,14,26,21,3,5,9,28,6
2022-02-20,Syracuse,Maryland,Home,L,10,14,NA,10,5,15,39,22,32,13,10,14,8,22,41,25,32,15,8,14,11,10,12
2022-02-26,Syracuse,Virginia,Away,W,11,20,NA,11,7,18,51,27,30,12,9,20,10,30,46,32,41,16,11,20,12,11,16
2022-03-02,Syracuse,Army West Point,Home,L,13,17,NA,13,3,16,39,26,38,19,9,17,5,22,50,28,29,15,11,17,11,13,13
2022-03-06,Syracuse,Hobart,Home,W,18,16,NA,18,10,28,46,27,37,16,7,16,10,26,43,27,23,11,5,16,11,18,9
2022-03-13,Syracuse,Johns Hopkins,Away,L,7,10,NA,7,4,11,54,21,37,14,12,10,6,16,29,17,28,21,6,10,7,7,14
2022-03-19,Syracuse,Stony Brook,Away,W,14,9,NA,14,8,22,46,30,36,15,11,9,5,14,43,22,33,18,7,9,13,14,16
2022-03-26,Syracuse,Duke,Home,W,14,10,NA,14,9,23,61,24,32,14,12,10,3,13,33,20,26,17,5,10,10,14,10
2022-04-02,Syracuse,Notre Dame,Away,L,6,22,NA,6,1,7,36,21,30,18,7,22,14,36,38,31,33,17,12,22,9,6,15
2022-04-07,Syracuse,UAlbany,Away,W,12,14,NA,12,5,17,52,27,48,21,12,14,8,22,30,25,33,21,6,14,11,12,15
2022-04-11,Syracuse,Cornell,Home,L,15,16,1,15,5,20,43,23,26,9,10,16,10,26,41,24,28,12,3,16,8,15,8
2022-04-16,Syracuse,North Carolina,Away,W,13,14,NA,13,6,19,54,31,32,12,7,14,11,25,37,21,30,19,3,14,7,13,18
2022-04-23,Syracuse,Virginia,Home,L,15,21,NA,15,9,24,36,21,32,17,5,21,13,34,53,32,42,10,12,21,11,15,6
2022-05-01,Syracuse,Notre Dame,Home,L,11,18,NA,11,4,15,55,33,33,10,9,18,11,29,45,29,28,11,4,18,11,11,22
2022-02-11,Towson,Johns Hopkins,Home,L,12,18,NA,12,5,17,36,21,33,19,7,18,12,30,49,31,37,15,8,18,13,12,9
2022-02-15,Towson,Mount St. Mary's,Home,L,13,8,NA,13,10,23,44,28,32,20,8,8,5,13,38,20,30,19,6,8,12,13,15
2022-02-19,Towson,Virginia,Home,W,9,18,NA,9,7,16,32,15,31,21,6,18,11,29,55,33,48,11,13,18,15,9,6
2022-02-26,Towson,Richmond,Home,L,15,16,3,15,11,26,57,36,42,12,8,16,8,24,54,30,38,14,1,16,14,15,21
2022-03-02,Towson,Loyola Maryland,Away,W,11,8,NA,11,4,15,36,19,24,16,9,8,4,12,40,20,40,18,10,8,12,11,8
2022-03-05,Towson,UMBC,Home,W,11,10,NA,11,9,20,45,19,39,13,11,10,3,13,35,16,34,14,5,10,6,11,8
2022-03-11,Towson,Saint Joseph's,Away,L,8,11,NA,8,5,13,45,20,24,13,5,11,6,17,39,25,29,19,4,11,14,8,12
2022-03-19,Towson,"Duke Washington, D.C.",Away,L,7,14,NA,7,6,13,35,22,22,17,5,14,9,23,50,29,43,17,8,14,15,7,15
2022-03-26,Towson,Denver,Away,L,9,12,NA,9,4,13,37,19,16,9,1,12,10,22,52,31,36,10,4,12,19,9,10
2022-04-02,Towson,Drexel,Away,L,13,12,NA,13,7,20,39,24,38,23,8,12,4,16,42,28,36,16,14,12,16,13,11
2022-04-09,Towson,Massachusetts,Home,L,12,9,NA,12,5,17,45,24,32,16,8,9,6,15,39,25,38,14,8,9,16,12,12
2022-04-16,Towson,Delaware,Away,W,10,11,NA,10,6,16,47,27,32,16,11,11,6,17,32,24,27,16,11,11,13,10,17
2022-04-23,Towson,Fairfield,Away,W,12,8,NA,12,3,15,42,25,29,16,12,8,3,11,38,24,24,17,8,8,16,12,13
2022-04-30,Towson,Hofstra,Home,L,14,15,NA,14,8,22,37,22,32,11,4,15,5,20,38,26,26,9,4,15,11,14,8
2022-05-05,Towson,"Massachusetts Philadelphia, Pa.",Away,L,18,10,NA,18,9,27,53,33,26,11,11,10,6,16,36,18,31,19,5,10,8,18,15
2022-05-07,Towson,"Delaware Philadelphia, Pa.",Away,L,6,11,NA,6,4,10,29,12,22,20,2,11,3,14,42,26,29,17,8,11,15,6,6
2022-02-19,UAlbany,Cornell,Away,L,8,16,NA,8,8,16,39,17,31,25,6,16,11,27,38,25,31,18,7,16,9,8,9
2022-02-26,UAlbany,Drexel,Away,W,12,14,NA,12,6,18,38,26,32,21,5,14,11,25,39,20,28,19,8,14,6,12,14
2022-03-02,UAlbany,Siena,Home,L,11,7,NA,11,6,17,36,22,36,19,10,7,5,12,37,17,29,15,8,7,10,11,11
2022-03-08,UAlbany,Massachusetts,Away,L,9,12,NA,9,5,14,26,19,22,14,5,12,6,18,33,26,30,18,5,12,14,9,10
2022-03-12,UAlbany,Maryland,Away,L,6,24,NA,6,4,10,23,15,23,22,5,24,13,37,45,35,49,15,15,24,11,6,9
2022-03-19,UAlbany,Binghamton,Home,L,10,18,NA,10,8,18,37,22,39,16,9,18,12,30,42,32,40,14,8,18,14,10,12
2022-03-26,UAlbany,Stony Brook,Home,W,12,10,NA,12,9,21,38,21,34,22,6,10,7,17,41,22,34,16,14,10,12,12,9
2022-04-02,UAlbany,UMass Lowell,Away,L,13,12,NA,13,12,25,35,23,24,16,5,12,9,21,47,27,30,14,4,12,15,13,10
2022-04-07,UAlbany,Syracuse,Home,W,14,12,NA,14,8,22,30,25,33,21,6,12,5,17,52,27,48,21,12,12,15,14,11
2022-04-09,UAlbany,UMBC,Away,L,7,16,NA,7,5,12,31,16,18,14,3,16,11,27,38,26,33,16,5,16,10,7,9
2022-04-16,UAlbany,Vermont,Home,W,6,14,NA,6,4,10,30,19,32,16,8,14,8,22,36,21,30,15,5,14,7,6,13
2022-04-22,UAlbany,NJIT,Away,W,16,6,NA,16,11,27,50,24,42,23,12,6,5,11,29,18,21,25,8,6,12,16,8
2022-04-24,UAlbany,Yale,Away,W,13,17,NA,13,8,21,42,21,38,19,9,17,15,32,39,26,26,18,8,17,9,13,8
2022-04-30,UAlbany,Penn,Home,L,11,19,NA,11,5,16,41,23,38,16,9,19,13,32,40,25,42,14,9,19,6,11,12
2022-05-05,UAlbany,Vermont,Away,L,7,17,NA,7,6,13,35,20,26,17,7,17,13,30,34,26,23,12,9,17,9,7,13
2022-02-19,UMBC,Drexel,Home,L,12,8,NA,12,2,14,59,25,38,20,1,8,4,12,33,19,22,12,6,8,11,12,13
2022-02-25,UMBC,Mount St. Mary's,Away,W,8,9,NA,8,6,14,28,16,26,20,5,9,5,14,44,20,29,17,6,9,11,8,8
2022-03-05,UMBC,Towson,Away,W,10,11,NA,10,3,13,35,16,34,14,5,11,9,20,45,19,39,13,11,11,8,10,6
2022-03-11,UMBC,Utah,Home,W,13,10,NA,13,6,19,31,19,32,19,6,10,2,12,31,19,25,16,5,10,9,13,6
2022-03-20,UMBC,Richmond,Away,L,9,14,NA,9,6,15,22,15,22,21,6,14,10,24,40,27,35,11,14,14,13,9,6
2022-03-26,UMBC,Binghamton,Away,L,8,12,NA,8,6,14,27,18,21,19,6,12,4,16,38,22,25,18,8,12,10,8,10
2022-04-02,UMBC,Vermont,Away,L,3,12,NA,3,1,4,34,17,39,18,8,12,7,19,29,19,26,12,12,12,7,3,14
2022-04-09,UMBC,UAlbany,Home,L,16,7,NA,16,11,27,38,26,33,16,5,7,5,12,31,16,18,14,3,7,9,16,10
2022-04-16,UMBC,UMass Lowell,Away,W,11,7,NA,11,8,19,46,21,23,16,9,7,4,11,38,20,31,15,7,7,13,11,10
2022-04-23,UMBC,Stony Brook,Home,L,11,13,NA,11,6,17,46,25,26,18,6,13,7,20,46,32,36,21,6,13,19,11,14
2022-04-29,UMBC,NJIT,Home,L,19,9,NA,19,10,29,48,27,38,16,11,9,4,13,27,17,22,21,4,9,8,19,8
2022-05-05,UMBC,"Binghamton Burlington, Vt.",Away,L,7,6,NA,7,3,10,24,16,31,23,9,6,4,10,32,15,23,16,6,6,9,7,9
2022-05-07,UMBC,Vermont,Away,W,11,13,NA,11,4,15,35,23,30,15,8,13,5,18,40,23,31,17,11,13,10,11,12
2022-02-12,UMass Lowell,Quinnipiac,Home,L,14,15,NA,14,9,23,56,31,31,12,12,15,11,26,50,23,38,22,8,15,8,14,17
2022-02-19,UMass Lowell,Massachusetts,Away,L,9,19,NA,9,2,11,40,22,24,19,5,19,11,30,56,35,40,14,10,19,16,9,13
2022-02-27,UMass Lowell,Siena,Home,L,10,14,NA,10,5,15,41,27,28,15,8,14,9,23,51,28,34,16,10,14,14,10,17
2022-03-05,UMass Lowell,Merrimack,Away,W,10,16,NA,10,6,16,43,22,30,17,3,16,10,26,47,26,32,12,6,16,10,10,12
2022-03-12,UMass Lowell,Sacred Heart,Home,L,10,14,NA,10,4,14,52,31,36,17,8,14,11,25,40,25,21,13,10,14,11,10,21
2022-03-16,UMass Lowell,Stony Brook,Away,L,9,17,NA,9,5,14,39,19,28,24,6,17,10,27,52,34,39,15,7,17,17,9,10
2022-03-19,UMass Lowell,Jacksonville,Home,W,8,22,NA,8,3,11,49,25,35,14,8,22,14,36,40,26,31,16,7,22,4,8,17
2022-03-26,UMass Lowell,NJIT,Away,L,8,7,NA,8,4,12,34,17,40,26,8,7,5,12,39,13,37,19,8,7,6,8,9
2022-04-02,UMass Lowell,UAlbany,Home,L,12,13,NA,12,9,21,47,27,30,14,4,13,12,25,35,23,24,16,5,13,10,12,15
2022-04-09,UMass Lowell,Vermont,Home,W,9,23,NA,9,5,14,32,19,20,14,2,23,16,39,52,34,46,14,9,23,11,9,10
2022-04-16,UMass Lowell,UMBC,Home,W,7,11,NA,7,4,11,38,20,31,15,7,11,8,19,46,21,23,16,9,11,10,7,13
2022-04-20,UMass Lowell,Holy Cross,Home,L,14,15,NA,14,8,22,49,27,28,14,5,15,10,25,39,25,41,18,8,15,10,14,13
2022-04-30,UMass Lowell,Binghamton,Away,L,9,7,NA,9,4,13,41,22,10,19,6,7,5,12,43,19,13,17,8,7,12,9,13
2022-02-05,Utah,Denver,Home,L,13,14,NA,13,10,23,42,25,30,13,8,14,8,22,41,24,31,15,5,14,10,13,12
2022-02-12,Utah,Vermont,Away,L,11,10,NA,11,7,18,35,22,35,22,13,10,6,16,39,19,35,20,15,10,9,11,11
2022-02-26,Utah,Marquette,Away,L,12,11,NA,12,8,20,37,17,30,20,5,11,6,17,41,19,29,16,15,11,8,12,5
2022-03-06,Utah,Jacksonville,Away,L,16,10,NA,16,11,27,44,27,34,10,6,10,5,15,32,20,32,16,6,10,10,16,11
2022-03-11,Utah,UMBC,Away,W,10,13,NA,10,2,12,31,19,25,16,5,13,6,19,31,19,32,19,6,13,6,10,9
2022-03-19,Utah,Georgetown,Away,L,6,16,NA,6,4,10,33,18,25,19,4,16,10,26,46,28,31,10,11,16,12,6,12
2022-03-26,Utah,Mercer,Home,L,23,9,NA,23,12,35,58,36,46,13,6,9,2,11,31,20,19,16,4,9,11,23,13
2022-04-02,Utah,Air Force,Away,W,10,8,NA,10,7,17,35,21,22,15,8,8,5,13,46,22,22,18,11,8,14,10,11
2022-04-09,Utah,Cleveland St.,Away,L,15,11,NA,15,10,25,48,36,41,13,4,11,6,17,43,25,26,13,4,11,14,15,21
2022-04-16,Utah,Robert Morris,Home,L,18,8,NA,18,12,30,63,33,47,14,9,8,1,9,34,18,26,18,5,8,10,18,15
2022-04-23,Utah,Bellarmine,Away,L,12,11,NA,12,8,20,43,27,26,14,6,11,7,18,40,20,18,15,10,11,9,12,15
2022-04-30,Utah,Detroit Mercy,Home,L,16,9,NA,16,10,26,52,29,29,14,6,9,3,12,45,19,27,22,1,9,10,16,13
2022-05-05,Utah,"Bellarmine Huntsville, Ala.",Away,L,12,11,1,12,8,20,40,24,31,19,10,11,5,16,40,21,22,21,9,11,10,12,12
2022-05-07,Utah,"Robert Morris Huntsville, Ala.",Away,W,17,18,1,17,14,31,39,27,26,14,5,18,10,28,42,30,23,11,7,18,12,17,10
2022-02-12,VMI,Lafayette,Home,W,6,14,NA,6,5,11,25,14,23,12,9,14,13,27,52,30,36,14,5,14,16,6,8
2022-02-16,VMI,Manhattan,Away,W,10,14,NA,10,5,15,36,17,36,16,4,14,9,23,38,28,30,9,4,14,14,10,7
2022-02-21,VMI,Hampton,Away,W,15,6,NA,15,11,26,66,42,38,13,21,6,2,8,26,14,30,37,5,6,8,15,27
2022-02-26,VMI,St. Bonaventure,Home,L,8,9,1,8,5,13,46,25,32,18,14,9,6,15,32,19,23,20,8,9,10,8,17
2022-03-04,VMI,Mount St. Mary's,Away,L,8,7,NA,8,4,12,29,18,28,28,9,7,4,11,42,19,37,19,13,7,12,8,10
2022-03-12,VMI,Detroit Mercy,Away,W,11,16,NA,11,5,16,35,18,28,21,5,16,6,22,50,26,40,12,7,16,10,11,7
2022-03-15,VMI,Monmouth,Away,L,6,11,NA,6,0,6,35,14,22,18,6,11,6,17,32,23,29,16,6,11,12,6,8
2022-03-19,VMI,Bellarmine,Home,W,8,17,NA,8,6,14,34,18,32,22,12,17,13,30,39,25,36,20,10,17,8,8,10
2022-03-26,VMI,Cleveland St.,Away,W,10,22,NA,10,4,14,35,21,26,15,5,22,14,36,45,30,50,17,8,22,8,10,11
2022-04-02,VMI,Mercer,Home,W,13,10,NA,13,9,22,55,27,30,13,6,10,8,18,41,29,26,10,2,10,19,13,14
2022-04-08,VMI,High Point,Away,L,5,16,NA,5,1,6,35,21,23,17,7,16,9,25,53,26,40,23,8,16,10,5,16
2022-04-16,VMI,Jacksonville,Home,W,6,25,NA,6,4,10,28,12,17,21,6,25,17,42,61,46,51,15,11,25,21,6,6
2022-04-23,VMI,Hampton,Home,L,21,5,NA,21,19,40,83,44,49,6,20,5,3,8,21,13,25,23,5,5,8,21,23
2022-04-30,VMI,Richmond,Away,W,12,14,NA,12,8,20,36,20,23,16,7,14,10,24,41,26,43,13,13,14,12,12,8
2022-05-05,VMI,"Jacksonville High Point, N.C.",Away,L,5,13,NA,5,0,5,33,15,23,20,7,13,10,23,47,27,37,17,13,13,14,5,10
2022-02-06,Vermont,Duke,Away,L,7,15,NA,7,2,9,36,22,29,17,6,15,6,21,39,26,28,12,12,15,11,7,15
2022-02-12,Vermont,Utah,Home,L,10,11,NA,10,6,16,39,19,35,20,15,11,7,18,35,22,35,22,13,11,11,10,9
2022-02-16,Vermont,Penn St.,Away,L,16,10,NA,16,8,24,67,31,36,16,6,10,7,17,31,20,27,16,7,10,10,16,15
2022-02-26,Vermont,Brown,Away,W,11,12,NA,11,7,18,48,23,33,23,12,12,9,21,47,21,25,20,11,12,9,11,12
2022-03-05,Vermont,Bryant,Home,L,16,6,NA,16,9,25,42,33,33,14,11,6,3,9,33,19,28,13,9,6,13,16,17
2022-03-08,Vermont,Dartmouth,Away,W,7,8,NA,7,5,12,41,27,24,22,16,8,6,14,31,17,33,29,11,8,9,7,20
2022-03-12,Vermont,Providence,Away,W,10,12,NA,10,5,15,38,17,27,21,7,12,5,17,40,22,24,15,9,12,10,10,7
2022-03-16,Vermont,Massachusetts,Away,W,10,12,NA,10,8,18,39,21,21,7,3,12,7,19,40,30,26,7,6,12,18,10,11
2022-03-19,Vermont,NJIT,Home,L,14,3,NA,14,11,25,55,31,36,13,16,3,0,3,17,12,33,24,7,3,9,14,17
2022-03-26,Vermont,Canisius,Home,L,15,6,NA,15,10,25,57,34,35,15,9,6,2,8,23,16,29,18,10,6,10,15,19
2022-04-02,Vermont,UMBC,Home,L,12,3,NA,12,7,19,29,19,26,12,12,3,1,4,34,17,39,18,8,3,14,12,7
2022-04-09,Vermont,UMass Lowell,Away,W,23,9,NA,23,16,39,52,34,46,14,9,9,5,14,32,19,20,14,2,9,10,23,11
2022-04-16,Vermont,UAlbany,Away,W,14,6,NA,14,8,22,36,21,30,15,5,6,4,10,30,19,32,16,8,6,13,14,7
2022-04-23,Vermont,Binghamton,Home,W,17,10,NA,17,13,30,47,33,42,17,14,10,7,17,23,16,25,21,10,10,6,17,16
2022-04-30,Vermont,Stony Brook,Away,L,19,10,NA,19,13,32,43,27,46,19,6,10,7,17,28,17,29,17,8,10,7,19,8
2022-05-05,Vermont,UAlbany,Home,L,17,7,NA,17,13,30,34,26,23,12,9,7,6,13,35,20,26,17,7,7,13,17,9
2022-05-07,Vermont,UMBC,Home,W,13,11,NA,13,5,18,40,23,31,17,11,11,4,15,35,23,30,15,8,11,12,13,10
2022-05-11,Vermont,Manhattan,Home,L,15,3,NA,15,11,26,35,29,37,14,6,3,2,5,29,16,23,12,8,3,13,15,14
2022-05-15,Vermont,Maryland,Away,L,5,21,NA,5,2,7,37,22,33,12,7,21,15,36,46,33,37,10,10,21,12,5,17
2022-02-12,Villanova,Penn St.,Away,L,13,12,NA,13,6,19,45,26,29,15,11,12,3,15,28,25,35,18,9,12,13,13,13
2022-02-19,Villanova,Yale,Away,W,14,17,NA,14,8,22,43,23,37,19,11,17,9,26,34,25,34,18,11,17,8,14,9
2022-02-26,Villanova,Fairfield,Home,L,16,9,NA,16,8,24,42,26,39,17,11,9,5,14,35,21,28,16,10,9,12,16,10
2022-03-01,Villanova,Brown,Away,W,14,15,NA,14,12,26,41,26,29,20,11,15,12,27,39,27,30,22,10,15,12,14,12
2022-03-05,Villanova,Hofstra,Home,W,8,6,NA,8,4,12,52,25,31,16,11,6,3,9,17,9,13,21,8,6,3,8,17
2022-03-13,Villanova,Penn,Home,L,7,8,NA,7,5,12,51,20,36,18,11,8,5,13,25,14,23,24,5,8,6,7,13
2022-03-19,Villanova,Drexel,Home,W,15,12,NA,15,10,25,46,26,29,12,10,12,9,21,36,23,28,17,4,12,11,15,11
2022-03-26,Villanova,Delaware,Home,W,18,13,NA,18,14,32,50,28,31,14,11,13,7,20,43,30,33,15,3,13,17,18,10
2022-04-02,Villanova,St. John's (NY),Away,W,22,9,NA,22,13,35,64,40,30,8,10,9,7,16,31,20,14,14,5,9,11,22,18
2022-04-09,Villanova,Denver,Home,L,10,12,NA,10,6,16,48,25,24,11,5,12,5,17,40,22,22,13,7,12,10,10,15
2022-04-16,Villanova,Providence,Home,W,18,13,NA,18,12,30,53,28,38,13,12,13,8,21,49,29,37,14,5,13,16,18,10
2022-04-23,Villanova,Marquette,Away,W,10,8,NA,10,6,16,41,26,27,14,7,8,3,11,41,25,27,12,9,8,17,10,16
2022-04-29,Villanova,Georgetown,Home,W,7,13,NA,7,6,13,32,18,23,18,3,13,9,22,45,29,27,10,10,13,16,7,11
2022-05-05,Villanova,"Denver Washington, D.C.",Away,L,15,14,NA,15,9,24,42,25,34,13,10,14,9,23,53,27,29,14,5,14,13,15,10
2022-05-07,Villanova,Georgetown,Away,W,12,14,NA,12,4,16,48,29,33,16,3,14,3,17,53,31,46,16,10,14,17,12,17
2022-02-05,Virginia,Air Force,Home,W,21,11,NA,21,13,34,51,35,45,13,9,11,5,16,31,19,30,17,6,11,8,21,14
2022-02-13,Virginia,High Point,Home,W,11,10,NA,11,6,17,45,24,40,16,8,10,4,14,42,26,35,14,3,10,16,11,13
2022-02-19,Virginia,Towson,Away,W,18,9,NA,18,11,29,55,33,48,11,13,9,7,16,32,15,31,21,6,9,6,18,15
2022-02-26,Virginia,Syracuse,Home,W,20,11,NA,20,10,30,46,32,41,16,11,11,7,18,51,27,30,12,9,11,16,20,12
2022-03-05,Virginia,Johns Hopkins,Home,L,19,8,NA,19,13,32,49,27,39,16,12,8,3,11,44,21,30,18,6,8,13,19,8
2022-03-10,Virginia,North Carolina,Away,L,15,11,NA,15,7,22,53,33,36,15,9,11,5,16,38,19,36,22,6,11,8,15,18
2022-03-19,Virginia,"Maryland Washington, D.C.",Away,W,12,23,NA,12,7,19,34,21,34,17,4,23,14,37,53,38,40,13,10,23,15,12,9
2022-03-26,Virginia,Notre Dame,Home,L,12,8,NA,12,5,17,38,24,23,15,8,8,3,11,47,22,27,17,10,8,14,12,12
2022-04-02,Virginia,Richmond,Away,W,13,17,NA,13,8,21,47,29,42,16,12,17,9,26,44,27,38,17,9,17,10,13,16
2022-04-09,Virginia,North Carolina,Home,L,11,4,NA,11,6,17,43,22,26,13,8,4,1,5,31,18,23,18,5,4,14,11,11
2022-04-14,Virginia,Duke,Away,L,8,17,NA,8,4,12,49,30,30,12,7,17,10,27,40,26,39,19,7,17,9,8,22
2022-04-16,Virginia,Quinnipiac,Home,L,21,9,NA,21,11,32,57,37,50,16,10,9,2,11,27,17,29,19,7,9,8,21,16
2022-04-23,Virginia,Syracuse,Away,L,21,15,NA,21,13,34,53,32,42,10,12,15,9,24,36,21,32,17,5,15,6,21,11
2022-04-28,Virginia,Lafayette,Home,W,20,10,NA,20,13,33,48,35,52,16,5,10,4,14,31,24,24,13,7,10,14,20,15
2022-05-14,Virginia,Brown,Away,L,17,10,NA,17,10,27,46,26,32,20,8,10,6,16,44,26,20,14,10,10,16,17,9
2022-05-22,Virginia,"Maryland Columbus, Ohio",Away,L,9,18,NA,9,4,13,35,24,30,16,9,18,13,31,50,29,45,18,6,18,11,9,15
2022-02-19,Wagner,Fairfield,Away,L,9,16,NA,9,4,13,42,17,29,20,10,16,7,23,34,26,43,20,12,16,10,9,8
2022-02-26,Wagner,Manhattan,Away,L,5,11,NA,5,0,5,26,13,23,18,7,11,4,15,38,28,30,12,13,11,17,5,8
2022-03-01,Wagner,Monmouth,Away,W,7,9,NA,7,2,9,27,18,23,19,6,9,8,17,39,20,33,17,11,9,11,7,11
2022-03-05,Wagner,NJIT,Home,W,7,5,NA,7,3,10,43,25,29,18,14,5,3,8,48,19,33,26,10,5,14,7,18
2022-03-12,Wagner,Mercer,Home,L,13,4,NA,13,6,19,51,21,23,17,9,4,3,7,26,15,18,22,7,4,11,13,8
2022-03-19,Wagner,LIU,Away,L,7,12,NA,7,1,8,26,17,27,16,6,12,8,20,36,22,38,17,9,12,10,7,10
2022-03-26,Wagner,Saint Joseph's,Home,W,6,12,NA,6,3,9,43,18,21,13,10,12,7,19,38,25,36,23,5,12,13,6,12
2022-04-02,Wagner,Sacred Heart,Home,L,14,8,NA,14,2,16,49,31,23,12,7,8,6,14,33,17,27,16,5,8,9,14,17
2022-04-09,Wagner,Hobart,Away,L,3,12,NA,3,1,4,35,12,27,22,4,12,6,18,55,35,37,17,13,12,23,3,9
2022-04-16,Wagner,Mount St. Mary's,Home,L,5,9,NA,5,2,7,33,16,16,15,4,9,6,15,42,23,31,18,8,9,14,5,11
2022-04-23,Wagner,Merrimack,Home,L,6,8,NA,6,5,11,40,22,21,19,2,8,5,13,33,22,23,11,6,8,14,6,16
2022-04-30,Wagner,Bryant,Away,L,6,15,NA,6,3,9,35,20,25,18,9,15,11,26,52,41,41,16,9,15,26,6,14
2022-02-19,Yale,Villanova,Home,W,17,14,NA,17,9,26,34,25,34,18,11,14,8,22,43,23,37,19,11,14,9,17,8
2022-02-26,Yale,Penn St.,Away,L,6,10,NA,6,5,11,35,27,36,16,7,10,7,17,42,26,30,14,12,10,16,6,21
2022-03-05,Yale,Massachusetts,Home,W,13,12,1,13,9,22,58,28,24,15,8,12,3,15,45,30,33,18,10,12,18,13,15
2022-03-13,Yale,Denver,Away,L,16,13,NA,16,8,24,42,25,25,10,4,13,8,21,58,28,32,10,7,13,15,16,9
2022-03-19,Yale,Cornell,Away,W,12,13,NA,12,4,16,51,30,49,18,9,13,6,19,47,31,38,15,13,13,18,12,18
2022-03-26,Yale,Princeton,Home,W,14,12,NA,14,8,22,54,27,31,17,13,12,5,17,52,31,44,23,6,12,19,14,13
2022-04-02,Yale,Penn,Home,W,12,11,1,12,5,17,41,26,31,14,11,11,5,16,38,23,30,21,4,11,12,12,14
2022-04-05,Yale,Boston U.,Away,L,22,15,NA,22,17,39,50,30,56,22,8,15,10,25,58,31,30,14,14,15,16,22,8
2022-04-09,Yale,Dartmouth,Away,W,23,6,NA,23,14,37,62,34,34,16,9,6,5,11,37,17,31,22,4,6,11,23,11
2022-04-16,Yale,Brown,Away,W,13,20,NA,13,8,21,52,28,32,19,3,20,11,31,60,35,38,10,10,20,15,13,15
2022-04-24,Yale,UAlbany,Home,W,17,13,NA,17,15,32,39,26,26,18,8,13,8,21,42,21,38,19,9,13,8,17,9
2022-04-26,Yale,Quinnipiac,Home,W,20,13,NA,20,12,32,50,39,44,19,16,13,9,22,46,24,40,30,9,13,11,20,19
2022-04-30,Yale,Harvard,Home,W,17,16,1,17,12,29,47,29,42,16,9,16,8,24,49,28,45,17,13,16,12,17,12
2022-05-06,Yale,"Cornell Providence, R.I.",Away,L,14,11,NA,14,8,22,52,27,34,17,7,11,4,15,46,25,35,16,7,11,14,14,13
2022-05-08,Yale,"Penn Providence, R.I.",Away,L,9,16,NA,9,5,14,46,25,34,20,10,16,9,25,42,27,32,21,6,16,11,9,16
2022-05-14,Yale,Saint Joseph's,Home,W,18,16,NA,18,13,31,42,27,35,21,11,16,5,21,45,32,35,18,9,16,16,18,9
2022-05-21,Yale,"Princeton Hempstead, NY",Away,W,10,14,NA,10,5,15,46,27,39,15,6,14,6,20,46,34,33,16,4,14,20,10,17
