date,team,opponent,home_away,result,home_score,visitor_score,overtime,goals,assists,points,shots,sog,gb,to,ct,fo_won,f_os_taken,defensive_goals,defensive_assists,defensive_points,defensive_shots,defensive_sog,defensive_gb,defensive_to,defensive_ct,defensive_fo_won,defensive_f_os_taken,goals_allowed,saves,defensive_goals_allowed,defensive_saves
2025-02-01,Air Force,Lafayette,Away,L,8,11,NA,8,7,15,28,19,31,22,12,12,23,11,5,16,31,21,36,17,10,11,23,11,10,8,11
2025-02-08,Air Force,Denver,Home,W,8,14,NA,8,5,13,40,21,32,21,15,11,25,14,9,23,32,22,28,24,11,14,25,14,8,8,13
2025-02-15,Air Force,Ohio St.,Away,W,11,17,NA,11,8,19,33,21,28,17,8,17,32,17,13,30,36,27,30,14,7,15,32,17,10,11,10
2025-02-22,Air Force,Boston U.,Away,L,7,15,NA,7,3,10,32,19,26,22,8,12,25,15,10,25,40,26,43,18,12,13,25,15,11,7,12
2025-02-28,Air Force,Quinnipiac,Home,L,21,8,NA,21,17,38,50,31,36,10,9,14,32,8,5,13,32,18,19,17,3,18,32,8,10,21,10
2025-03-02,Air Force,Marist,Home,L,23,8,NA,23,12,35,50,32,36,11,10,15,34,8,3,11,38,20,24,14,4,19,34,8,12,23,9
2025-03-08,Air Force,Duke,Away,W,11,16,NA,11,4,15,31,17,31,24,6,13,31,16,10,26,40,33,38,16,13,18,31,16,17,11,6
2025-03-22,Air Force,"Marquette Chicago, IL",Away,W,8,9,NA,8,4,12,39,23,18,15,11,10,21,9,6,15,44,16,28,19,8,11,21,9,7,8,15
2025-03-29,Air Force,Jacksonville,Home,L,11,15,NA,11,5,16,29,20,30,16,5,11,30,15,11,26,44,26,33,10,13,19,30,15,11,11,9
2025-04-05,Air Force,Bellarmine,Home,L,18,6,NA,18,11,29,51,28,32,16,1,17,25,6,2,8,28,18,24,12,7,8,25,6,12,18,10
2025-02-08,Army West Point,Massachusetts,Away,W,16,9,NA,16,12,28,55,34,30,15,12,16,29,9,6,15,31,22,26,24,6,13,29,9,13,16,18
2025-02-15,Army West Point,Rutgers,Home,W,9,3,NA,9,8,17,47,25,27,16,8,3,15,3,2,5,33,14,20,20,7,12,15,3,11,9,16
2025-02-19,Army West Point,Yale,Away,W,14,3,NA,14,6,20,42,26,33,17,11,12,21,3,1,4,33,19,25,18,6,9,21,3,16,14,12
2025-02-22,Army West Point,"Mercer Naples, Florida",Away,W,17,4,NA,17,11,28,66,46,42,19,11,18,24,4,1,5,24,16,24,27,7,6,24,4,12,17,29
2025-03-01,Army West Point,Lafayette,Home,L,15,5,NA,15,11,26,45,30,41,18,17,13,24,5,3,8,26,17,22,21,10,11,24,5,12,15,15
2025-03-08,Army West Point,Holy Cross,Away,W,17,4,NA,17,15,32,61,28,41,16,10,15,25,4,4,8,36,20,30,21,9,10,25,4,16,17,11
2025-03-15,Army West Point,Lehigh,Away,W,13,4,NA,13,7,20,49,25,33,19,11,4,21,4,2,6,27,15,34,26,11,17,21,4,11,13,12
2025-03-22,Army West Point,Boston U.,Home,W,9,10,1,9,5,14,57,31,34,13,7,14,23,10,7,17,44,28,31,17,7,9,23,10,18,9,22
2025-03-29,Army West Point,North Carolina,Home,W,13,12,NA,13,10,23,38,21,29,15,7,7,26,12,4,16,36,22,36,17,8,19,26,12,10,13,8
2025-04-05,Army West Point,Colgate,Away,W,13,7,NA,13,8,21,47,25,31,18,11,12,22,7,4,11,37,20,33,21,8,10,22,7,13,13,12
2025-02-01,Bellarmine,Duke,Away,L,7,26,NA,7,3,10,34,20,22,22,4,16,36,26,15,41,53,36,42,14,12,20,36,26,10,7,13
2025-02-08,Bellarmine,Mercyhurst,Home,W,21,11,NA,21,12,33,50,34,32,22,6,27,34,11,9,20,38,20,9,18,8,7,34,11,9,21,13
2025-02-11,Bellarmine,Ohio St.,Away,L,4,16,NA,4,1,5,18,11,26,24,9,6,21,16,10,26,58,31,45,19,18,15,21,16,15,4,7
2025-02-15,Bellarmine,Canisius,Away,W,13,8,NA,13,5,18,36,29,36,20,8,11,25,8,5,13,34,18,33,23,9,14,25,8,10,13,16
2025-02-18,Bellarmine,Cleveland St.,Away,W,10,16,NA,10,7,17,31,22,35,19,7,11,30,16,10,26,44,29,32,18,10,19,30,16,13,10,12
2025-02-22,Bellarmine,Detroit Mercy,Home,L,16,4,NA,16,7,23,46,29,27,23,8,15,23,4,3,7,35,15,16,19,11,8,23,4,11,16,13
2025-03-01,Bellarmine,LIU,Away,L,9,15,NA,9,6,15,39,20,29,20,7,14,27,15,10,25,51,33,36,11,13,13,27,15,18,9,11
2025-03-04,Bellarmine,Marquette,Away,W,11,19,NA,11,7,18,28,18,22,20,6,12,33,19,14,33,50,37,37,16,13,21,33,19,18,11,7
2025-03-08,Bellarmine,Robert Morris,Home,W,13,10,NA,13,7,20,36,24,23,19,7,14,25,10,6,16,44,22,23,17,2,11,25,10,12,13,11
2025-03-11,Bellarmine,Hampton,Home,L,19,6,NA,19,11,30,46,32,25,16,10,17,28,6,3,9,34,20,24,22,9,11,28,6,14,19,13
2025-03-15,Bellarmine,St. Bonaventure,Home,W,9,5,NA,9,8,17,32,23,25,18,7,8,17,5,3,8,34,21,29,21,7,9,17,5,16,9,14
2025-03-29,Bellarmine,Utah,Home,W,9,11,NA,9,3,12,40,21,23,20,8,8,24,11,7,18,56,33,34,13,11,16,24,11,22,9,12
2025-04-05,Bellarmine,Air Force,Away,L,6,18,NA,6,2,8,28,18,24,12,7,8,25,18,11,29,51,28,32,16,1,17,25,18,10,6,12
2022-03-26,Binghamton,UMBC,Home,L,12,8,NA,12,4,16,38,22,25,18,8,6,24,8,6,14,27,18,21,19,6,18,24,8,10,12,10
2025-02-10,Binghamton,Lafayette,Away,L,9,16,NA,9,4,13,33,18,27,15,8,9,29,16,7,23,36,29,39,18,7,20,29,16,13,9,9
2025-02-22,Binghamton,Marist,Away,L,9,10,NA,9,5,14,30,15,22,19,0,10,22,10,6,16,46,20,31,11,3,12,22,10,10,9,6
2025-03-01,Binghamton,Hofstra,Away,L,5,15,NA,5,3,8,29,18,25,17,8,12,23,15,9,24,45,24,31,19,8,11,23,15,9,5,13
2025-03-05,Binghamton,Siena,Home,W,6,10,NA,6,2,8,39,17,17,14,6,6,20,10,3,13,43,25,26,15,8,14,20,10,15,6,11
2025-03-08,Binghamton,Stony Brook,Away,L,12,10,NA,12,7,19,44,30,39,18,6,15,24,10,6,16,40,19,29,16,4,9,24,10,9,12,18
2025-03-14,Binghamton,UMass Lowell,Away,L,14,12,NA,14,3,17,45,23,30,12,5,17,30,12,7,19,30,22,24,15,2,13,30,12,10,14,9
2025-03-22,Binghamton,NJIT,Home,W,9,4,NA,9,6,15,46,24,36,24,13,13,17,4,1,5,20,9,24,32,18,4,17,4,5,9,15
2025-03-25,Binghamton,St. Bonaventure,Away,L,6,5,1,6,1,7,50,26,27,16,9,5,15,5,4,9,36,22,28,20,9,10,15,5,17,6,20
2025-03-29,Binghamton,Harvard,Away,W,12,17,NA,12,7,19,43,26,38,23,10,12,32,17,6,23,52,36,41,18,14,20,32,17,19,12,14
2025-04-05,Binghamton,UAlbany,Home,W,9,11,NA,9,6,15,44,19,22,13,9,11,23,11,4,15,36,21,21,18,7,12,23,11,10,9,10
2025-02-08,Boston U.,Siena,Away,L,9,7,NA,9,5,14,43,23,32,23,13,7,20,7,5,12,38,19,30,25,14,13,20,7,12,9,14
2025-02-14,Boston U.,Monmouth,Home,L,15,6,NA,15,12,27,49,30,32,15,12,14,24,6,3,9,21,14,23,21,5,10,24,6,8,15,15
2025-02-18,Boston U.,Brown,Home,W,8,7,NA,8,6,14,41,26,33,18,15,7,18,7,2,9,26,17,21,24,7,11,18,7,10,8,18
2025-02-22,Boston U.,Air Force,Home,L,15,7,NA,15,10,25,40,26,43,18,12,13,25,7,3,10,32,19,26,22,8,12,25,7,12,15,11
2025-03-01,Boston U.,Navy,Away,L,9,13,NA,9,6,15,41,16,43,22,5,15,25,13,9,22,43,29,40,14,11,10,25,13,16,9,7
2025-03-08,Boston U.,Bucknell,Away,L,21,12,NA,21,15,36,51,33,43,15,7,18,34,12,5,17,39,25,29,14,8,16,34,12,13,21,12
2025-03-15,Boston U.,Loyola Maryland,Home,L,13,7,NA,13,7,20,45,24,36,22,10,13,24,7,3,10,33,18,37,15,10,11,24,7,11,13,11
2025-03-22,Boston U.,Army West Point,Away,W,10,9,1,10,7,17,44,28,31,17,7,9,23,9,5,14,57,31,34,13,7,14,23,9,22,10,18
2025-03-25,Boston U.,Harvard,Away,L,7,16,NA,7,4,11,38,15,31,24,8,15,26,16,7,23,45,25,40,17,15,11,26,16,9,7,8
2025-03-29,Boston U.,Holy Cross,Home,L,16,4,NA,16,10,26,49,28,38,15,7,20,23,4,1,5,32,18,28,12,8,3,23,4,14,16,12
2025-04-05,Boston U.,Duke,Home,W,7,12,NA,7,6,13,28,17,34,17,9,7,22,12,8,20,39,20,37,22,7,15,22,12,8,7,10
2025-02-15,Brown,Fairfield,Home,W,5,11,NA,5,2,7,34,18,30,19,8,9,20,11,4,15,42,21,28,21,6,11,20,11,10,5,13
2025-02-18,Brown,Boston U.,Away,W,7,8,NA,7,2,9,26,17,21,24,7,11,18,8,6,14,41,26,33,18,15,7,18,8,18,7,10
2025-02-22,Brown,Providence,Home,W,7,6,NA,7,5,12,36,22,16,13,4,8,16,6,5,11,33,25,21,10,2,8,16,6,19,7,15
2025-03-01,Brown,Georgetown,Home,W,8,13,NA,8,5,13,44,25,30,14,8,14,24,13,5,18,36,27,31,16,7,10,24,13,14,8,17
2025-03-04,Brown,Bryant,Away,W,10,8,NA,10,6,16,29,19,29,22,9,9,22,8,5,13,42,25,33,21,10,13,22,8,17,10,9
2025-03-15,Brown,Penn,Away,W,8,9,NA,8,3,11,38,23,22,14,6,15,21,9,5,14,31,18,21,13,11,6,21,9,9,8,15
2025-03-17,Brown,Villanova,Away,L,9,16,NA,9,8,17,47,28,29,15,11,10,28,16,4,20,39,27,36,22,8,18,28,16,11,9,19
2025-03-22,Brown,Massachusetts,Away,L,8,7,NA,8,4,12,35,24,32,16,11,10,18,7,5,12,28,20,28,18,6,8,18,7,13,8,16
2025-03-29,Brown,Yale,Away,W,12,15,NA,12,4,16,47,24,26,15,10,14,29,15,8,23,52,26,39,17,6,15,29,15,11,12,12
2025-04-05,Brown,Cornell,Home,W,9,13,NA,9,5,14,33,21,29,14,11,10,25,13,6,19,40,21,27,17,8,15,25,13,8,9,12
2025-02-08,Bryant,Providence,Home,L,12,15,NA,12,7,19,45,27,39,12,9,16,30,15,11,26,35,27,31,14,10,14,30,15,12,12,15
2025-02-15,Bryant,Merrimack,Away,W,19,4,NA,19,12,31,46,30,17,19,10,15,25,4,3,7,32,18,14,22,13,10,25,4,14,19,11
2025-02-22,Bryant,Quinnipiac,Away,L,18,10,NA,18,12,30,48,33,33,18,11,16,32,10,1,11,34,20,25,21,9,16,32,10,10,18,15
2025-03-01,Bryant,Ohio St.,Away,W,5,7,NA,5,1,6,32,12,35,25,13,5,13,7,5,12,37,22,29,22,11,8,13,7,15,5,7
2025-03-04,Bryant,Brown,Home,W,8,10,NA,8,5,13,42,25,33,21,10,13,22,10,6,16,29,19,29,22,9,9,22,10,9,8,17
2025-03-08,Bryant,St. John's (NY),Home,W,9,6,NA,9,4,13,34,19,34,18,10,9,18,6,4,10,43,21,34,15,5,9,18,6,15,9,10
2025-03-15,Bryant,UAlbany,Home,W,12,11,NA,12,7,19,44,25,40,17,10,23,26,11,6,17,38,21,28,14,10,3,26,11,10,12,13
2025-03-22,Bryant,Vermont,Away,W,12,16,NA,12,10,22,33,21,36,18,11,10,30,16,9,25,35,24,34,19,10,20,30,16,8,12,9
2025-03-29,Bryant,UMBC,Home,L,12,7,NA,12,6,18,31,18,33,14,8,10,22,7,1,8,42,17,29,13,7,12,22,7,10,12,6
2025-04-05,Bryant,NJIT,Away,W,15,6,NA,15,9,24,56,30,41,13,16,9,24,6,3,9,29,16,24,21,9,15,24,6,10,15,15
2025-02-01,Bucknell,Merrimack,Home,L,23,7,NA,23,19,42,56,34,43,22,13,20,32,7,6,13,34,18,34,27,10,12,32,7,11,23,11
2025-02-08,Bucknell,St. Bonaventure,Away,W,21,8,NA,21,9,30,59,38,33,10,12,17,32,8,5,13,33,20,24,21,5,15,32,8,12,21,17
2025-02-15,Bucknell,Dartmouth,Away,W,11,13,NA,11,9,20,37,26,32,14,5,9,27,13,8,21,42,28,46,14,10,18,27,13,15,11,15
2025-02-22,Bucknell,Hobart,Away,W,12,13,NA,12,10,22,47,25,35,12,12,7,28,13,8,21,46,31,36,19,4,21,28,13,18,12,13
2025-03-01,Bucknell,Holy Cross,Away,W,10,11,2,10,8,18,46,27,36,15,6,12,26,11,10,21,41,24,35,12,11,14,26,11,13,10,17
2025-03-08,Bucknell,Boston U.,Home,L,12,21,NA,12,5,17,39,25,29,14,8,16,34,21,15,36,51,33,43,15,7,18,34,21,12,12,13
2025-03-15,Bucknell,Colgate,Away,L,18,17,NA,18,12,30,45,26,28,11,5,19,37,17,13,30,45,29,23,10,6,18,37,17,12,18,8
2025-03-22,Bucknell,Lehigh,Home,W,11,10,NA,11,6,17,36,22,27,13,12,6,25,10,5,15,45,23,33,19,5,19,25,10,13,11,11
2025-03-28,Bucknell,Lafayette,Away,L,5,14,NA,5,3,8,32,18,26,13,7,13,23,14,9,23,39,23,30,14,11,10,23,14,9,5,13
2025-04-05,Bucknell,Loyola Maryland,Home,L,11,12,1,11,9,20,45,28,45,14,7,15,27,12,7,19,39,29,26,12,5,12,27,12,17,11,17
2025-04-08,Bucknell,Le Moyne,Away,W,11,7,NA,11,5,16,46,24,33,13,8,16,22,7,6,13,29,14,19,16,3,6,22,7,7,11,13
2025-02-08,Canisius,Hobart,Away,W,12,21,NA,12,5,17,28,19,30,15,8,12,35,21,11,32,54,32,38,15,6,23,35,21,11,12,7
2025-02-15,Canisius,Bellarmine,Home,W,8,13,NA,8,5,13,34,18,33,23,9,14,25,13,5,18,36,29,36,20,8,11,25,13,16,8,10
2025-02-18,Canisius,Le Moyne,Away,W,10,11,NA,10,7,17,27,14,19,22,2,14,25,11,8,19,27,16,20,15,8,11,25,11,5,10,4
2025-02-22,Canisius,Robert Morris,Away,W,7,9,NA,7,3,10,32,20,24,18,3,5,19,9,5,14,39,24,40,12,13,14,19,9,15,7,13
2025-02-25,Canisius,Michigan,Away,L,2,16,NA,2,1,3,18,11,29,29,6,13,20,16,13,29,50,34,30,13,20,7,20,16,18,2,9
2025-03-01,Canisius,Cleveland St.,Away,L,8,11,NA,8,4,12,33,22,33,18,4,10,23,11,4,15,39,26,40,17,10,13,23,11,15,8,14
2025-03-08,Canisius,Sacred Heart,Home,L,10,8,NA,10,6,16,36,20,34,16,10,15,22,8,5,13,35,17,28,20,7,7,22,8,9,10,10
2025-03-11,Canisius,St. Bonaventure,Home,L,6,7,NA,6,3,9,27,15,31,18,8,8,15,7,6,13,34,19,25,16,3,7,15,7,12,6,9
2025-03-15,Canisius,Merrimack,Home,L,10,9,NA,10,6,16,42,22,31,22,9,12,21,9,8,17,25,12,23,21,8,9,21,9,3,10,12
2025-03-22,Canisius,Quinnipiac,Away,W,10,9,NA,10,8,18,29,21,23,14,5,13,22,9,7,16,29,14,20,11,11,9,22,9,5,10,11
2025-03-26,Canisius,Marist,Away,W,10,14,NA,10,4,14,23,15,26,14,6,5,28,14,6,20,56,28,27,11,8,23,28,14,14,10,5
2025-03-29,Canisius,Manhattan,Home,W,8,7,NA,8,4,12,44,18,34,20,9,13,19,7,2,9,35,17,24,17,10,6,19,7,10,8,10
2025-04-05,Canisius,Mount St. Mary's,Away,W,12,6,NA,12,6,18,45,21,22,18,8,11,21,6,3,9,29,14,17,18,6,10,21,6,8,12,9
2025-02-08,Cleveland St.,Ohio St.,Away,L,4,14,NA,4,1,5,30,12,32,27,15,7,21,14,9,23,47,27,41,23,15,14,21,14,13,4,8
2025-02-12,Cleveland St.,Notre Dame,Away,L,6,24,NA,6,2,8,26,18,25,16,3,13,33,24,19,43,51,33,40,9,7,20,33,24,9,6,12
2025-02-18,Cleveland St.,Bellarmine,Home,W,16,10,NA,16,10,26,44,29,32,18,10,19,30,10,7,17,31,22,35,19,7,11,30,10,12,16,13
2025-02-22,Cleveland St.,Marquette,Away,L,7,15,NA,7,3,10,24,16,25,18,5,12,26,15,12,27,56,28,29,9,5,14,26,15,13,7,9
2025-03-01,Cleveland St.,Canisius,Home,L,11,8,NA,11,4,15,39,26,40,17,10,13,23,8,4,12,33,22,33,18,4,10,23,8,14,11,15
2025-03-04,Cleveland St.,Michigan,Away,L,5,19,NA,5,3,8,23,10,21,24,9,11,28,19,12,31,48,28,44,21,12,17,28,19,9,5,5
2025-03-08,Cleveland St.,St. Bonaventure,Away,W,6,8,NA,6,2,8,28,16,26,21,9,10,17,8,4,12,40,19,26,15,10,7,17,8,11,6,10
2025-03-15,Cleveland St.,Wagner,Away,W,14,8,NA,14,9,23,34,24,30,17,10,9,25,8,5,13,27,18,30,16,8,16,25,8,10,14,10
2025-03-22,Cleveland St.,Le Moyne,Away,L,6,11,NA,6,2,8,37,22,25,17,3,11,20,11,5,16,28,17,27,18,3,9,20,11,6,6,16
2025-03-29,Cleveland St.,VMI,Home,W,9,11,NA,9,4,13,39,24,34,16,5,17,24,11,5,16,42,26,34,11,8,7,24,11,15,9,15
2025-04-05,Cleveland St.,Mercyhurst,Away,L,13,10,NA,13,9,22,37,21,35,20,8,21,27,10,6,16,39,22,28,14,13,6,27,10,12,13,8
2025-02-01,Colgate,Penn St.,Away,L,9,14,NA,9,3,12,34,23,21,17,7,11,27,14,13,27,45,26,37,18,15,16,27,14,12,9,14
2025-02-08,Colgate,Virginia,Away,L,9,19,NA,9,5,14,46,21,32,25,9,12,32,19,14,33,69,36,57,20,14,20,32,19,17,9,12
2025-02-14,Colgate,UAlbany,Away,L,19,14,NA,19,12,31,62,30,52,14,10,20,36,14,10,24,43,23,32,19,11,16,36,14,9,19,11
2025-02-18,Colgate,Harvard,Away,L,19,15,NA,19,10,29,49,32,49,19,8,20,37,15,12,27,42,27,43,19,11,17,37,15,12,19,13
2025-02-22,Colgate,Villanova,Away,W,16,5,NA,16,9,25,50,31,51,24,26,9,24,5,1,6,42,23,31,33,11,15,24,5,18,16,15
2025-03-01,Colgate,Loyola Maryland,Away,W,18,6,NA,18,10,28,53,35,44,20,18,11,27,6,5,11,39,22,39,25,9,16,27,6,16,18,17
2025-03-08,Colgate,Lafayette,Away,L,19,14,NA,19,11,30,48,32,36,18,13,14,35,14,12,26,35,22,34,24,10,21,35,14,8,19,13
2025-03-15,Colgate,Bucknell,Home,L,17,18,NA,17,13,30,45,29,23,10,6,18,37,18,12,30,45,26,28,11,5,19,37,18,8,17,12
2025-03-22,Colgate,Syracuse,Away,W,12,16,NA,12,8,20,49,30,32,15,7,13,31,16,11,27,49,26,37,15,6,18,31,16,10,12,18
2025-03-29,Colgate,Navy,Home,L,14,9,NA,14,10,24,53,33,33,9,9,14,28,9,4,13,37,19,16,19,6,14,28,9,10,14,19
2025-04-05,Colgate,Army West Point,Home,W,7,13,NA,7,4,11,37,20,33,21,8,10,22,13,8,21,47,25,31,18,11,12,22,13,12,7,13
2025-02-15,Cornell,Lehigh,Away,L,18,10,NA,18,15,33,54,38,37,15,7,20,32,10,7,17,40,24,23,14,2,12,32,10,14,18,20
2025-02-22,Cornell,Denver,Home,L,15,5,NA,15,9,24,34,23,29,14,8,10,22,5,4,9,40,18,25,16,5,12,22,5,13,15,8
2025-02-25,Cornell,Hobart,Away,W,22,9,NA,22,15,37,58,36,40,14,9,16,35,9,5,14,48,27,34,17,7,19,35,9,18,22,14
2025-03-02,Cornell,Richmond,Away,L,12,11,NA,12,5,17,37,25,33,19,5,19,27,11,7,18,40,27,30,13,12,8,27,11,16,12,13
2025-03-08,Cornell,Penn St.,Home,L,12,13,1,12,6,18,37,16,30,14,8,11,27,13,8,21,44,22,32,12,5,16,27,13,9,12,4
2025-03-15,Cornell,Princeton,Home,W,15,10,NA,15,10,25,51,29,29,11,5,17,29,10,5,15,35,22,24,11,3,12,29,10,12,15,14
2025-03-22,Cornell,Yale,Away,L,19,14,NA,19,14,33,51,33,26,9,9,18,35,14,9,23,45,27,32,13,3,17,35,14,13,19,14
2025-03-29,Cornell,Penn,Home,L,15,5,NA,15,12,27,38,23,26,14,5,13,23,5,3,8,37,17,24,15,7,10,23,5,12,15,8
2025-04-01,Cornell,UAlbany,Home,W,18,11,NA,18,12,30,47,29,38,17,7,22,32,11,6,17,31,17,28,17,6,10,32,11,6,18,11
2025-04-05,Cornell,Brown,Away,W,13,9,NA,13,6,19,40,21,27,17,8,15,25,9,5,14,33,21,29,14,11,10,25,9,12,13,8
2025-02-15,Dartmouth,Bucknell,Home,W,13,11,NA,13,8,21,42,28,46,14,10,18,27,11,9,20,37,26,32,14,5,9,27,11,15,13,15
2025-02-18,Dartmouth,Massachusetts,Away,L,7,11,NA,7,6,13,49,17,35,17,6,11,22,11,7,18,37,22,30,14,9,11,22,11,11,7,10
2025-02-22,Dartmouth,Holy Cross,Away,W,14,4,NA,14,9,23,40,25,31,15,13,8,20,4,4,8,41,19,27,20,5,12,20,4,15,14,11
2025-02-28,Dartmouth,Vermont,Home,L,14,9,NA,14,8,22,54,32,39,14,14,14,26,9,6,15,34,17,43,22,9,12,26,9,8,14,18
2025-03-03,Dartmouth,Siena,Home,W,16,13,NA,16,9,25,41,32,47,16,14,13,33,13,9,22,46,23,40,21,8,20,33,13,10,16,16
2025-03-08,Dartmouth,Utah,Home,L,11,9,NA,11,7,18,47,24,37,13,10,12,24,9,8,17,45,25,41,15,7,12,24,9,16,11,13
2025-03-15,Dartmouth,Hobart,Home,L,17,5,NA,17,10,27,42,27,43,13,17,13,26,5,2,7,40,24,40,20,12,13,26,5,19,17,10
2025-03-22,Dartmouth,Penn,Away,L,9,8,1,9,2,11,31,17,31,14,7,8,21,8,5,13,37,22,21,17,5,13,21,8,14,9,8
2025-03-29,Dartmouth,Princeton,Home,W,8,11,NA,8,4,12,34,21,29,18,3,12,22,11,5,16,60,32,37,6,12,10,22,11,21,8,13
2025-04-05,Dartmouth,Harvard,Home,W,7,18,NA,7,4,11,21,15,34,22,6,17,29,18,15,33,53,34,43,9,19,12,29,18,16,7,8
2025-02-08,Delaware,Utah,Away,L,13,12,NA,13,9,22,39,24,28,20,10,17,27,12,6,18,47,27,30,16,9,10,27,12,15,13,11
2025-02-15,Delaware,St. John's (NY),Home,W,17,10,NA,17,5,22,50,30,33,17,7,19,29,10,7,17,36,18,28,18,9,10,29,10,8,17,13
2025-02-22,Delaware,Penn,Home,W,2,10,NA,2,1,3,29,16,28,17,7,14,15,10,5,15,35,22,17,15,8,1,15,10,12,2,14
2025-02-28,Delaware,High Point,Home,L,11,6,NA,11,3,14,36,26,28,17,10,11,20,6,4,10,32,20,36,16,10,9,20,6,14,11,15
2025-03-08,Delaware,Maryland,Away,L,3,14,NA,3,0,3,34,25,20,11,4,10,19,14,11,25,46,30,32,8,9,9,19,14,16,3,22
2025-03-15,Delaware,Towson,Away,W,18,19,1,18,15,33,46,33,43,12,6,22,39,19,9,28,51,36,32,11,7,17,39,19,17,18,15
2025-03-19,Delaware,Marist,Home,W,12,10,NA,12,7,19,52,24,35,19,10,20,25,10,4,14,33,21,21,20,8,5,25,10,11,12,12
2025-03-22,Delaware,Hampton,Home,L,18,3,NA,18,8,26,68,44,46,13,5,22,25,3,3,6,29,14,23,25,4,3,25,3,11,18,26
2025-03-29,Delaware,Hofstra,Away,W,10,17,NA,10,6,16,53,27,37,12,6,19,30,17,13,30,36,25,28,9,5,11,30,17,8,10,17
2025-04-05,Delaware,Stony Brook,Home,L,17,9,NA,17,10,27,49,34,28,10,9,13,28,9,3,12,41,24,29,18,7,15,28,9,15,17,17
2025-02-01,Denver,Johns Hopkins,Home,L,10,13,NA,10,6,16,35,22,24,13,5,11,27,13,11,24,38,24,32,15,8,16,27,13,11,10,12
2025-02-08,Denver,Air Force,Away,W,14,8,NA,14,9,23,32,22,28,24,11,14,25,8,5,13,40,21,32,21,15,11,25,8,13,14,8
2025-02-15,Denver,Utah,Home,L,10,8,NA,10,5,15,39,24,29,17,11,9,21,8,4,12,41,24,31,21,5,12,21,8,16,10,14
2025-02-22,Denver,Cornell,Away,L,5,15,NA,5,4,9,40,18,25,16,5,12,22,15,9,24,34,23,29,14,8,10,22,15,8,5,13
2025-02-28,Denver,Marist,Home,L,18,5,NA,18,13,31,38,24,31,13,4,12,27,5,4,9,37,19,23,12,6,15,27,5,14,18,6
2025-03-02,Denver,Quinnipiac,Home,L,14,7,NA,14,10,24,48,26,33,14,8,13,24,7,5,12,27,14,23,16,9,11,24,7,7,14,12
2025-03-08,Denver,Yale,Away,W,10,15,NA,10,7,17,39,21,23,17,9,5,28,15,6,21,46,32,37,19,9,23,28,15,17,10,11
2025-03-16,Denver,Ohio St.,Home,L,11,15,NA,11,6,17,34,22,39,16,10,15,30,15,8,23,35,25,30,16,9,15,30,15,10,11,11
2025-03-22,Denver,"Duke Dallas, Texas",Away,W,13,6,NA,13,5,18,32,20,24,15,7,6,22,6,5,11,40,18,32,15,6,16,22,6,12,13,7
2025-03-29,Denver,Villanova,Home,W,9,10,1,9,7,16,32,17,25,18,11,6,23,10,6,16,52,25,39,18,8,17,23,10,15,9,8
2025-04-05,Denver,St. John's (NY),Away,W,14,7,NA,14,7,21,37,25,38,16,11,14,24,7,5,12,37,19,27,23,6,10,24,7,12,14,11
2025-02-04,Detroit Mercy,Ohio St.,Away,L,4,14,NA,4,2,6,28,15,27,23,11,6,22,14,5,19,53,30,45,19,13,16,22,14,16,4,11
2025-02-08,Detroit Mercy,Marquette,Away,L,6,16,NA,6,1,7,26,16,18,17,7,7,26,16,10,26,49,29,28,15,6,19,26,16,13,6,10
2025-02-22,Detroit Mercy,Bellarmine,Away,L,4,16,NA,4,3,7,35,15,16,19,11,8,23,16,7,23,46,29,27,23,8,15,23,16,13,4,11
2025-03-07,Detroit Mercy,Hampton,Away,W,11,5,NA,11,4,15,49,32,28,14,12,14,20,5,3,8,30,15,18,18,8,6,20,5,10,11,21
2025-03-15,Detroit Mercy,Robert Morris,Home,W,4,19,NA,4,2,6,32,21,21,14,6,10,26,19,15,34,45,34,31,10,8,16,26,19,15,4,17
2025-03-22,Detroit Mercy,LIU,Away,L,9,14,NA,9,5,14,33,23,33,20,6,14,27,14,7,21,47,35,29,12,13,13,27,14,21,9,14
2025-03-29,Detroit Mercy,Le Moyne,Home,L,5,8,NA,5,1,6,29,18,20,16,8,6,16,8,6,14,34,16,25,15,10,10,16,8,8,5,13
2025-04-05,Detroit Mercy,VMI,Away,W,10,9,1,10,6,16,47,29,28,18,9,14,23,9,5,14,53,22,24,16,11,9,23,9,13,10,19
2025-02-15,Drexel,UMBC,Home,L,6,9,NA,6,5,11,33,16,24,20,11,9,19,9,5,14,30,16,22,20,7,10,19,9,7,6,10
2025-02-18,Drexel,Lafayette,Home,W,12,10,NA,12,6,18,44,27,33,24,9,16,25,10,6,16,25,14,29,24,7,9,25,10,4,12,15
2025-02-22,Drexel,UAlbany,Away,L,9,16,NA,9,8,17,33,20,29,15,3,12,26,16,9,25,48,19,42,16,7,14,26,16,3,9,11
2025-02-26,Drexel,NJIT,Away,W,17,5,NA,17,9,26,43,28,31,17,10,10,26,5,4,9,32,16,22,23,5,16,26,5,11,17,11
2025-03-01,Drexel,"Mercer Atlanta, Ga.",Away,W,21,6,NA,21,13,34,50,37,31,16,6,16,30,6,4,10,33,21,27,19,5,14,30,6,15,21,16
2025-03-04,Drexel,Villanova,Away,W,6,9,NA,6,3,9,38,17,34,20,11,9,18,9,4,13,31,19,25,19,7,9,18,9,10,6,11
2025-03-09,Drexel,Saint Joseph's,Home,L,11,17,NA,11,5,16,36,24,29,18,8,15,31,17,12,29,48,25,42,18,11,16,31,17,8,11,13
2025-03-15,Drexel,Monmouth,Home,W,13,10,NA,13,8,21,34,24,35,20,6,21,25,10,4,14,41,24,30,14,11,4,25,10,14,13,11
2025-03-22,Drexel,Fairfield,Away,W,11,12,NA,11,9,20,36,18,20,17,9,10,24,12,9,21,40,25,31,13,13,14,24,12,13,11,7
2025-03-29,Drexel,Towson,Home,W,8,12,NA,8,5,13,31,16,26,15,4,9,24,12,7,19,41,22,39,11,8,15,24,12,10,8,8
2025-04-05,Drexel,Hampton,Home,W,17,1,NA,17,9,26,61,33,40,14,14,13,20,1,1,2,20,10,20,24,3,7,20,1,9,17,16
2025-02-01,Duke,Bellarmine,Home,L,26,7,NA,26,15,41,53,36,42,14,12,20,36,7,3,10,34,20,22,22,4,16,36,7,13,26,10
2025-02-08,Duke,Jacksonville,Away,W,14,9,NA,14,8,22,37,27,28,14,13,14,26,9,4,13,31,15,25,19,6,12,26,9,6,14,13
2025-02-15,Duke,Saint Joseph's,Home,L,11,9,NA,11,7,18,32,16,34,18,13,14,24,9,5,14,25,20,29,22,9,10,24,9,11,11,5
2025-02-22,Duke,Michigan,Home,W,8,7,1,8,3,11,36,18,30,16,9,9,17,7,5,12,30,21,22,18,4,8,17,7,14,8,10
2025-02-28,Duke,Princeton,Home,L,14,15,NA,14,10,24,34,20,29,15,6,18,32,15,8,23,39,26,34,15,7,14,32,15,11,14,6
2025-03-02,Duke,Penn,Home,L,11,6,NA,11,8,19,42,24,30,9,10,8,20,6,4,10,35,15,16,18,2,12,20,6,9,11,13
2025-03-08,Duke,Air Force,Home,W,16,11,NA,16,10,26,40,33,38,16,13,18,31,11,4,15,31,17,31,24,6,13,31,11,6,16,17
2025-03-12,Duke,Providence,Home,W,16,10,NA,16,10,26,44,28,38,17,10,17,28,10,4,14,27,19,23,19,3,11,28,10,9,16,12
2025-03-15,Duke,Richmond,Away,L,13,12,2,13,7,20,35,23,25,13,5,10,29,12,5,17,46,26,30,15,8,19,29,12,14,13,10
2025-03-22,Duke,"Denver Dallas, Texas",Away,L,6,13,NA,6,5,11,40,18,32,15,6,16,22,13,5,18,32,20,24,15,7,6,22,13,7,6,12
2025-03-29,Duke,Notre Dame,Away,L,7,14,NA,7,4,11,32,17,23,11,7,10,23,14,10,24,38,25,27,12,5,13,23,14,11,7,10
2025-04-05,Duke,Boston U.,Away,W,12,7,NA,12,8,20,39,20,37,22,7,15,22,7,6,13,28,17,34,17,9,7,22,7,10,12,8
2025-02-07,Fairfield,Lehigh,Home,L,10,7,NA,10,4,14,40,25,36,17,14,12,20,7,3,10,23,14,21,26,9,8,20,7,7,10,15
2025-02-15,Fairfield,Brown,Away,W,11,5,NA,11,4,15,42,21,28,21,6,11,20,5,2,7,34,18,30,19,8,9,20,5,13,11,10
2025-02-19,Fairfield,Sacred Heart,Home,W,13,12,2,13,6,19,55,27,33,14,13,14,30,12,7,19,43,20,37,24,13,16,30,12,8,13,14
2025-02-22,Fairfield,Manhattan,Home,W,8,7,1,8,3,11,48,29,32,13,11,12,18,7,4,11,30,19,23,15,8,6,18,7,12,8,21
2025-03-01,Fairfield,Providence,Home,L,15,7,NA,15,9,24,47,32,34,13,13,12,24,7,5,12,30,22,27,21,7,12,24,7,15,15,17
2025-03-04,Fairfield,St. John's (NY),Away,W,20,8,NA,20,12,32,68,40,45,15,11,19,30,8,6,14,36,15,31,25,11,11,30,8,7,20,20
2025-03-08,Fairfield,UMass Lowell,Home,L,19,5,NA,19,13,32,43,26,30,12,16,13,28,5,2,7,30,17,27,21,5,15,28,5,12,19,7
2025-03-15,Fairfield,Hampton,Away,W,29,4,NA,29,23,52,59,38,45,18,14,30,37,4,1,5,21,12,16,22,3,7,37,4,8,29,9
2025-03-22,Fairfield,Drexel,Home,W,12,11,NA,12,9,21,40,25,31,13,13,14,24,11,9,20,36,18,20,17,9,10,24,11,7,12,13
2025-03-29,Fairfield,Stony Brook,Away,W,16,17,NA,16,8,24,55,36,51,16,14,19,37,17,6,23,35,24,41,20,6,18,37,17,7,16,20
2025-04-05,Fairfield,Hofstra,Home,W,14,10,NA,14,9,23,47,27,30,17,16,13,26,10,7,17,43,22,33,22,10,13,26,10,12,14,13
2025-02-01,Georgetown,Loyola Maryland,Home,L,13,6,NA,13,8,21,29,25,30,17,8,16,21,6,4,10,29,20,24,15,9,5,21,6,14,13,12
2025-02-08,Georgetown,Johns Hopkins,Away,L,6,11,NA,6,5,11,34,12,27,16,10,11,21,11,9,20,25,16,19,18,6,10,21,11,5,6,6
2025-02-15,Georgetown,Penn,Home,W,8,6,NA,8,4,12,41,21,25,14,5,11,18,6,4,10,25,14,14,14,2,7,18,6,8,8,13
2025-02-22,Georgetown,Notre Dame,Home,W,9,11,NA,9,4,13,43,25,40,11,12,7,23,11,2,13,36,16,27,20,5,16,23,11,5,9,16
2025-03-01,Georgetown,Brown,Away,W,13,8,NA,13,5,18,36,27,31,16,7,10,24,8,5,13,44,25,30,14,8,14,24,8,17,13,14
2025-03-05,Georgetown,UAlbany,Away,W,12,7,NA,12,7,19,38,23,43,15,9,12,23,7,4,11,37,21,31,18,5,11,23,7,14,12,11
2025-03-15,Georgetown,High Point,Home,W,17,10,NA,17,14,31,42,33,31,9,14,14,31,10,5,15,29,19,33,20,5,17,31,10,9,17,16
2025-03-22,Georgetown,Richmond,Home,L,12,13,NA,12,9,21,36,20,31,18,9,16,29,13,8,21,38,21,41,12,11,13,29,13,8,12,8
2025-03-29,Georgetown,Providence,Home,W,14,13,NA,14,12,26,38,29,36,17,11,16,30,13,10,23,35,23,26,17,7,14,30,13,10,14,15
2025-04-05,Georgetown,Marquette,Away,W,10,9,2,10,7,17,53,27,34,13,6,16,24,9,5,14,36,19,18,10,7,8,24,9,10,10,17
2025-02-01,Hampton,Mercer,Home,W,3,23,NA,3,2,5,26,11,14,19,8,5,27,23,12,35,61,41,32,22,8,22,27,23,18,3,8
2025-02-09,Hampton,Iona,Home,W,9,13,NA,9,5,14,26,16,15,17,8,9,26,13,7,20,64,34,29,12,7,17,26,13,21,9,7
2025-02-18,Hampton,VMI,Away,L,4,28,NA,4,2,6,30,11,17,23,3,7,35,28,16,44,73,44,46,14,14,28,35,28,16,4,7
2025-02-22,Hampton,Jacksonville,Away,L,6,21,NA,6,2,8,16,12,21,26,4,9,30,21,16,37,48,37,45,14,12,21,30,21,16,6,6
2025-03-02,Hampton,Mercyhurst,Home,W,6,22,NA,6,4,10,28,15,17,14,5,10,32,22,14,36,62,41,34,12,4,22,32,22,19,6,9
2025-03-07,Hampton,Detroit Mercy,Home,W,5,11,NA,5,3,8,30,15,18,18,8,6,20,11,4,15,49,32,28,14,12,14,20,11,21,5,10
2025-03-11,Hampton,Bellarmine,Away,L,6,19,NA,6,3,9,34,20,24,22,9,11,28,19,11,30,46,32,25,16,10,17,28,19,13,6,14
2025-03-15,Hampton,Fairfield,Home,W,4,29,NA,4,1,5,21,12,16,22,3,7,37,29,23,52,59,38,45,18,14,30,37,29,9,4,8
2025-03-18,Hampton,Queens (NC),Home,W,8,15,NA,8,3,11,29,21,28,21,5,8,27,15,6,21,54,31,45,11,12,19,27,15,16,8,13
2025-03-22,Hampton,Delaware,Away,L,3,18,NA,3,3,6,29,14,23,25,4,3,25,18,8,26,68,44,46,13,5,22,25,18,26,3,11
2025-03-29,Hampton,Monmouth,Home,W,4,24,NA,4,1,5,16,11,16,17,6,6,30,24,8,32,67,43,37,12,8,24,30,24,19,4,7
2025-04-05,Hampton,Drexel,Away,W,1,17,NA,1,1,2,20,10,20,24,3,7,20,17,9,26,61,33,40,14,14,13,20,17,16,1,9
2025-02-15,Harvard,Providence,Away,L,12,10,NA,12,7,19,35,24,26,14,7,7,26,10,7,17,43,23,31,21,2,19,26,10,13,12,12
2025-02-18,Harvard,Colgate,Home,L,15,19,NA,15,12,27,42,27,43,19,11,17,37,19,10,29,49,32,49,19,8,20,37,19,13,15,12
2025-02-22,Harvard,Syracuse,Away,L,15,14,NA,15,9,24,40,24,24,15,3,4,32,14,10,24,50,27,40,15,9,28,32,14,13,15,9
2025-03-01,Harvard,Marquette,Home,W,20,16,NA,20,12,32,42,27,42,15,14,14,40,16,10,26,46,30,43,21,8,26,40,16,14,20,7
2025-03-08,Harvard,Michigan,Home,W,14,11,NA,14,10,24,45,26,41,19,14,13,28,11,5,16,32,23,33,22,11,15,28,11,12,14,12
2025-03-15,Harvard,Yale,Home,W,14,11,NA,14,7,21,49,24,39,14,14,10,29,11,5,16,41,19,27,22,3,19,29,11,8,14,10
2025-03-22,Harvard,Princeton,Away,W,11,13,NA,11,6,17,50,28,32,14,12,10,27,13,6,19,45,25,42,20,9,17,27,13,12,11,17
2025-03-25,Harvard,Boston U.,Home,L,16,7,NA,16,7,23,45,25,40,17,15,11,26,7,4,11,38,15,31,24,8,15,26,7,8,16,9
2025-03-29,Harvard,Binghamton,Home,W,17,12,NA,17,6,23,52,36,41,18,14,20,32,12,7,19,43,26,38,23,10,12,32,12,14,17,19
2025-04-05,Harvard,Dartmouth,Away,W,18,7,NA,18,15,33,53,34,43,9,19,12,29,7,4,11,21,15,34,22,6,17,29,7,8,18,16
2025-02-01,High Point,Navy,Home,L,10,14,NA,10,5,15,32,22,37,17,11,15,28,14,8,22,36,21,39,18,13,13,28,14,7,10,12
2025-02-08,High Point,VMI,Away,L,12,11,1,12,6,18,47,32,30,13,6,18,27,11,5,16,29,21,21,13,8,9,27,11,10,12,20
2025-02-15,High Point,Robert Morris,Home,W,17,11,NA,17,12,29,43,27,39,15,9,13,31,11,6,17,38,23,36,16,6,18,31,11,12,17,10
2025-02-18,High Point,Virginia,Away,L,8,17,NA,8,6,14,28,15,27,23,6,13,28,17,11,28,44,30,40,13,14,15,28,17,13,8,7
2025-02-28,High Point,Delaware,Away,L,6,11,NA,6,4,10,32,20,36,16,10,9,20,11,3,14,36,26,28,17,10,11,20,11,15,6,14
2025-03-08,High Point,"Jacksonville Savannah, Ga.",Away,L,9,11,NA,9,4,13,39,26,30,12,6,16,23,11,9,20,44,22,25,16,6,7,23,11,11,9,17
2025-03-11,High Point,Queens (NC),Home,L,18,7,NA,18,10,28,46,28,41,14,9,17,28,7,3,10,29,15,26,16,9,11,28,7,8,18,10
2025-03-15,High Point,Georgetown,Away,W,10,17,NA,10,5,15,29,19,33,20,5,17,31,17,14,31,42,33,31,9,14,14,31,17,16,10,9
2025-03-21,High Point,North Carolina,Home,W,2,14,NA,2,1,3,25,13,24,19,5,9,20,14,5,19,49,30,32,12,14,11,20,14,16,2,11
2025-03-29,High Point,Hobart,Home,W,9,7,NA,9,5,14,44,21,29,14,7,10,20,7,3,10,37,21,26,16,4,10,20,7,14,9,12
2025-04-05,High Point,Massachusetts,Away,W,14,9,NA,14,10,24,34,26,34,16,3,17,25,9,5,14,29,18,14,12,7,8,25,9,9,14,12
2025-02-01,Hofstra,Iona,Away,L,20,2,NA,20,8,28,58,37,31,12,11,18,24,2,1,3,15,9,19,20,3,6,24,2,7,20,17
2025-02-07,Hofstra,Wagner,Home,L,17,5,NA,17,8,25,60,32,36,12,7,11,26,5,1,6,29,18,22,19,2,15,26,5,13,17,15
2025-02-14,Hofstra,Siena,Home,L,11,17,NA,11,10,21,48,26,30,16,2,11,30,17,11,28,41,29,38,16,7,19,30,17,12,11,15
2025-02-22,Hofstra,St. John's (NY),Away,L,13,12,1,13,5,18,36,28,36,22,11,16,29,12,5,17,37,24,39,24,13,13,29,12,12,13,15
2025-03-01,Hofstra,Binghamton,Home,L,15,5,NA,15,9,24,45,24,31,19,8,11,23,5,3,8,29,18,25,17,8,12,23,5,13,15,9
2025-03-08,Hofstra,North Carolina,Away,L,7,18,NA,7,2,9,31,18,23,16,4,4,29,18,12,30,48,29,43,19,9,25,29,18,11,7,11
2025-03-15,Hofstra,Stony Brook,Home,W,13,12,2,13,5,18,47,24,26,9,9,11,30,12,2,14,38,21,26,14,1,19,30,12,9,13,11
2025-03-22,Hofstra,Monmouth,Away,W,15,9,NA,15,8,23,43,24,42,17,3,15,27,9,7,16,50,26,29,11,6,12,27,9,17,15,9
2025-03-29,Hofstra,Delaware,Home,W,17,10,NA,17,13,30,36,25,28,9,5,11,30,10,6,16,53,27,37,12,6,19,30,10,17,17,8
2025-04-05,Hofstra,Fairfield,Away,W,10,14,NA,10,7,17,43,22,33,22,10,13,26,14,9,23,47,27,30,17,16,13,26,14,13,10,12
2025-02-01,Holy Cross,Providence,Away,L,8,15,NA,8,4,12,28,19,24,20,7,9,25,15,12,27,50,37,38,16,4,16,25,15,22,8,11
2025-02-07,Holy Cross,Queens (NC),Away,L,13,12,NA,13,4,17,56,25,26,14,10,18,28,12,6,18,29,13,24,20,10,10,28,12,1,13,12
2025-02-11,Holy Cross,UMass Lowell,Home,L,14,9,NA,14,7,21,44,31,39,17,12,11,26,9,5,14,21,13,31,24,7,15,26,9,4,14,17
2025-02-15,Holy Cross,Sacred Heart,Away,L,7,11,NA,7,3,10,30,17,26,21,6,9,22,11,7,18,32,22,31,25,6,13,22,11,11,7,10
2025-02-22,Holy Cross,Dartmouth,Home,W,4,14,NA,4,4,8,41,19,27,20,5,12,20,14,9,23,40,25,31,15,13,8,20,14,11,4,15
2025-03-01,Holy Cross,Bucknell,Home,W,11,10,2,11,10,21,41,24,35,12,11,14,26,10,8,18,46,27,36,15,6,12,26,10,17,11,13
2025-03-04,Holy Cross,Merrimack,Home,L,10,11,1,10,8,18,36,29,36,12,11,12,24,11,5,16,39,24,31,16,7,12,24,11,13,10,19
2025-03-08,Holy Cross,Army West Point,Home,W,4,17,NA,4,4,8,36,20,30,21,9,10,25,17,15,32,61,28,41,16,10,15,25,17,11,4,16
2025-03-15,Holy Cross,Lafayette,Away,L,8,13,NA,8,2,10,27,13,19,18,10,10,25,13,9,22,34,18,30,19,5,15,25,13,5,8,5
2025-03-22,Holy Cross,Navy,Home,L,8,9,1,8,5,13,29,18,24,15,5,4,20,9,5,14,43,29,30,16,7,16,20,9,20,8,10
2025-03-29,Holy Cross,Boston U.,Away,L,4,16,NA,4,1,5,32,18,28,12,8,3,23,16,10,26,49,28,38,15,7,20,23,16,12,4,14
2025-04-05,Holy Cross,Lehigh,Home,W,6,10,NA,6,2,8,38,18,32,19,12,2,20,10,7,17,40,23,41,25,5,18,20,10,13,6,12
2025-02-01,Jacksonville,Syracuse,Away,L,5,24,NA,5,4,9,30,16,23,22,1,13,33,24,13,37,58,39,42,9,12,20,33,24,15,5,11
2025-02-08,Jacksonville,Duke,Home,W,9,14,NA,9,4,13,31,15,25,19,6,12,26,14,8,22,37,27,28,14,13,14,26,14,13,9,6
2025-02-15,Jacksonville,Marist,Home,W,15,12,NA,15,7,22,50,32,39,12,8,16,29,12,5,17,39,19,19,17,3,13,29,12,7,15,17
2025-02-22,Jacksonville,Hampton,Home,L,21,6,NA,21,16,37,48,37,45,14,12,21,30,6,2,8,16,12,21,26,4,9,30,6,6,21,16
2025-02-28,Jacksonville,St. John's (NY),Away,L,11,10,1,11,7,18,46,27,37,22,15,16,25,10,4,14,42,21,29,20,13,9,25,10,11,11,16
2025-03-02,Jacksonville,Iona,Away,W,18,4,NA,18,13,31,40,29,39,21,8,17,25,4,3,7,34,19,26,17,11,8,25,4,15,18,11
2025-03-08,Jacksonville,"High Point Savannah, Ga.",Away,W,11,9,NA,11,9,20,44,22,25,16,6,7,23,9,4,13,39,26,30,12,6,16,23,9,17,11,11
2025-03-16,Jacksonville,North Carolina,Away,L,7,20,NA,7,3,10,26,19,21,16,6,10,31,20,12,32,53,30,39,14,7,21,31,20,10,7,12
2025-03-29,Jacksonville,Air Force,Home,W,15,11,NA,15,11,26,44,26,33,10,13,19,30,11,5,16,29,20,30,16,5,11,30,11,9,15,11
2025-04-05,Jacksonville,Queens (NC),Away,W,11,6,NA,11,10,21,42,22,33,20,7,13,20,6,3,9,33,15,28,18,8,7,20,6,9,11,11
2025-02-01,Johns Hopkins,Denver,Away,L,13,10,NA,13,11,24,38,24,32,15,8,16,27,10,6,16,35,22,24,13,5,11,27,10,12,13,11
2025-02-04,Johns Hopkins,Towson,Away,L,11,10,NA,11,6,17,37,22,32,18,10,14,24,10,7,17,33,20,28,21,4,10,24,10,10,11,11
2025-02-08,Johns Hopkins,Georgetown,Home,L,11,6,NA,11,9,20,25,16,19,18,6,10,21,6,5,11,34,12,27,16,10,11,21,6,6,11,5
2025-02-15,Johns Hopkins,Loyola Maryland,Away,L,9,8,NA,9,6,15,30,22,23,15,9,10,20,8,6,14,24,13,27,19,3,10,20,8,5,9,13
2025-02-22,Johns Hopkins,North Carolina,Home,L,12,13,NA,12,7,19,36,19,31,12,3,15,28,13,7,20,40,23,29,12,4,13,28,13,10,12,7
2025-03-01,Johns Hopkins,Virginia,Home,W,13,12,NA,13,8,21,30,21,18,15,7,16,29,12,9,21,36,22,27,18,7,13,29,12,10,13,8
2025-03-09,Johns Hopkins,Syracuse,Away,W,10,13,NA,10,5,15,35,22,20,15,5,13,26,13,9,22,46,19,32,11,7,13,26,13,6,10,12
2025-03-15,Johns Hopkins,Navy,Away,W,12,9,NA,12,7,19,48,20,30,15,2,20,25,9,4,13,34,23,19,7,4,5,25,9,14,12,8
2025-03-22,Johns Hopkins,Rutgers,Home,W,8,11,NA,8,5,13,34,18,27,15,5,13,23,11,7,18,31,20,25,12,4,10,23,11,9,8,10
2025-03-29,Johns Hopkins,Michigan,Away,L,8,11,NA,8,3,11,38,20,25,17,7,16,22,11,6,17,35,21,27,14,10,6,22,11,10,8,12
2025-04-05,Johns Hopkins,Ohio St.,Home,L,10,14,NA,10,6,16,38,25,30,14,8,19,28,14,9,23,30,19,21,14,3,9,28,14,5,10,15
2025-02-04,LIU,Rutgers,Away,L,3,17,NA,3,1,4,30,14,28,17,5,8,23,17,11,28,48,26,38,13,10,15,23,17,9,3,11
2025-02-08,LIU,Mount St. Mary's,Away,L,15,12,NA,15,9,24,46,32,48,12,11,18,31,12,8,20,24,19,22,17,6,13,31,12,7,15,17
2025-02-15,LIU,Iona,Home,L,14,9,NA,14,9,23,44,33,41,17,11,14,25,9,8,17,33,20,32,23,4,11,25,9,11,14,19
2025-02-22,LIU,Siena,Home,W,13,12,NA,13,9,22,33,26,18,10,7,9,28,12,10,22,40,27,26,17,7,19,28,12,15,13,13
2025-03-01,LIU,Bellarmine,Home,L,15,9,NA,15,10,25,51,33,36,11,13,13,27,9,6,15,39,20,29,20,7,14,27,9,11,15,18
2025-03-08,LIU,Queens (NC),Away,W,13,9,NA,13,4,17,39,29,24,14,7,14,26,9,4,13,37,21,23,14,7,12,26,9,12,13,16
2025-03-15,LIU,Mercyhurst,Away,L,15,12,NA,15,9,24,46,25,38,15,5,24,29,12,7,19,32,24,15,12,11,5,29,12,12,15,10
2025-03-22,LIU,Detroit Mercy,Home,L,14,9,NA,14,7,21,47,35,29,12,13,13,27,9,5,14,33,23,33,20,6,14,27,9,14,14,21
2025-03-28,LIU,Wagner,Away,W,11,12,1,11,8,19,37,29,24,13,3,14,26,12,6,18,39,26,25,12,4,12,26,12,14,11,18
2025-04-05,LIU,Robert Morris,Home,W,9,13,NA,9,5,14,41,26,24,15,5,9,26,13,11,24,37,21,27,19,6,17,26,13,8,9,17
2025-02-01,Lafayette,Air Force,Home,L,11,8,NA,11,5,16,31,21,36,17,10,11,23,8,7,15,28,19,31,22,12,12,23,8,11,11,10
2025-02-10,Lafayette,Binghamton,Home,L,16,9,NA,16,7,23,36,29,39,18,7,20,29,9,4,13,33,18,27,15,8,9,29,9,9,16,13
2025-02-18,Lafayette,Drexel,Away,W,10,12,NA,10,6,16,25,14,29,24,7,9,25,12,6,18,44,27,33,24,9,16,25,12,15,10,4
2025-02-22,Lafayette,Le Moyne,Away,W,15,4,NA,15,3,18,41,26,36,14,11,17,23,4,3,7,18,15,16,17,4,6,23,4,11,15,11
2025-03-01,Lafayette,Army West Point,Away,L,5,15,NA,5,3,8,26,17,22,21,10,11,24,15,11,26,45,30,41,18,17,13,24,15,15,5,12
2025-03-08,Lafayette,Colgate,Home,L,14,19,NA,14,12,26,35,22,34,24,10,21,35,19,11,30,48,32,36,18,13,14,35,19,13,14,8
2025-03-11,Lafayette,NJIT,Home,L,14,4,NA,14,10,24,38,24,32,20,4,12,20,4,3,7,33,13,23,18,6,8,20,4,9,14,10
2025-03-15,Lafayette,Holy Cross,Home,L,13,8,NA,13,9,22,34,18,30,19,5,15,25,8,2,10,27,13,19,18,10,10,25,8,5,13,5
2025-03-22,Lafayette,Loyola Maryland,Away,L,11,10,NA,11,8,19,32,23,27,21,6,12,25,10,8,18,43,26,35,15,11,13,25,10,16,11,12
2025-03-28,Lafayette,Bucknell,Home,L,14,5,NA,14,9,23,39,23,30,14,11,10,23,5,3,8,32,18,26,13,7,13,23,5,13,14,9
2025-04-04,Lafayette,Navy,Away,L,8,14,NA,8,2,10,50,25,40,13,9,13,26,14,11,25,36,22,32,17,6,13,26,14,8,8,17
2025-02-01,Lehigh,Rutgers,Home,W,6,10,NA,6,2,8,30,17,34,22,8,12,21,10,4,14,44,22,31,16,9,9,21,10,12,6,11
2025-02-07,Lehigh,Fairfield,Away,L,7,10,NA,7,3,10,23,14,21,26,9,8,20,10,4,14,40,25,36,17,14,12,20,10,15,7,7
2025-02-15,Lehigh,Cornell,Home,L,10,18,NA,10,7,17,40,24,23,14,2,12,32,18,15,33,54,38,37,15,7,20,32,18,20,10,14
2025-02-22,Lehigh,Richmond,Home,L,8,9,NA,8,4,12,32,21,34,17,6,15,20,9,6,15,39,25,30,11,7,5,20,9,16,8,13
2025-02-28,Lehigh,Villanova,Away,W,10,7,NA,10,7,17,39,18,23,15,13,9,20,7,4,11,35,23,22,19,5,11,20,7,16,10,8
2025-03-07,Lehigh,Navy,Away,W,13,8,NA,13,7,20,51,22,38,17,2,23,25,8,8,16,31,18,11,11,4,2,25,8,10,13,9
2025-03-15,Lehigh,Army West Point,Home,W,4,13,NA,4,2,6,27,15,34,26,11,17,21,13,7,20,49,25,33,19,11,4,21,13,12,4,11
2025-03-22,Lehigh,Bucknell,Away,W,10,11,NA,10,5,15,45,23,33,19,5,19,25,11,6,17,36,22,27,13,12,6,25,11,11,10,13
2025-03-29,Lehigh,Loyola Maryland,Home,W,7,3,NA,7,3,10,38,21,37,19,9,9,14,3,1,4,32,16,25,14,8,5,14,3,13,7,14
2025-04-01,Lehigh,Princeton,Away,W,12,17,NA,12,7,19,44,26,35,17,6,13,33,17,11,28,58,31,50,17,8,20,33,17,14,12,14
2025-04-05,Lehigh,Holy Cross,Away,W,10,6,NA,10,7,17,40,23,41,25,5,18,20,6,2,8,38,18,32,19,12,2,20,6,12,10,13
2025-02-01,Loyola Maryland,Georgetown,Away,L,6,13,NA,6,4,10,29,20,24,15,9,5,21,13,8,21,29,25,30,17,8,16,21,13,12,6,14
2025-02-08,Loyola Maryland,Maryland,Home,L,7,8,1,7,2,9,26,17,23,12,11,6,19,8,4,12,31,19,26,18,4,13,19,8,11,7,10
2025-02-15,Loyola Maryland,Johns Hopkins,Home,L,8,9,NA,8,6,14,24,13,27,19,3,10,20,9,6,15,30,22,23,15,9,10,20,9,13,8,5
2025-02-22,Loyola Maryland,Rutgers,Away,L,5,10,NA,5,4,9,29,18,22,14,2,3,19,10,7,17,47,29,39,12,6,16,19,10,19,5,13
2025-03-01,Loyola Maryland,Colgate,Home,W,6,18,NA,6,5,11,39,22,39,25,9,16,27,18,10,28,53,35,44,20,18,11,27,18,17,6,16
2025-03-08,Loyola Maryland,Providence,Away,W,11,12,NA,11,7,18,36,20,28,16,7,13,26,12,5,17,43,27,29,14,7,13,26,12,15,11,9
2025-03-15,Loyola Maryland,Boston U.,Away,L,7,13,NA,7,3,10,33,18,37,15,10,11,24,13,7,20,45,24,36,22,10,13,24,13,11,7,11
2025-03-22,Loyola Maryland,Lafayette,Home,L,10,11,NA,10,8,18,43,26,35,15,11,13,25,11,8,19,32,23,27,21,6,12,25,11,12,10,16
2025-03-29,Loyola Maryland,Lehigh,Away,W,3,7,NA,3,1,4,32,16,25,14,8,5,14,7,3,10,38,21,37,19,9,9,14,7,14,3,13
2025-04-05,Loyola Maryland,Bucknell,Away,L,12,11,1,12,7,19,39,29,26,12,5,12,27,11,9,20,45,28,45,14,7,15,27,11,17,12,17
2025-04-08,Loyola Maryland,Towson,Away,W,12,13,2,12,7,19,34,20,38,28,11,10,29,13,10,23,40,30,49,25,15,19,29,13,17,12,8
2025-02-01,Manhattan,Wagner,Away,W,14,3,NA,14,5,19,35,21,28,9,10,8,20,3,2,5,49,16,29,14,7,12,20,3,13,14,7
2025-02-08,Manhattan,Monmouth,Away,L,9,7,NA,9,2,11,37,23,37,16,14,10,19,7,5,12,30,18,27,20,6,9,19,7,11,9,14
2025-02-15,Manhattan,Vermont,Away,L,6,12,NA,6,5,11,21,13,18,23,8,4,22,12,6,18,45,31,38,25,13,18,22,12,19,6,7
2025-02-22,Manhattan,Fairfield,Away,W,7,8,1,7,4,11,30,19,23,15,8,6,18,8,3,11,48,29,32,13,11,12,18,8,21,7,12
2025-03-01,Manhattan,Stony Brook,Home,W,7,12,NA,7,1,8,31,20,16,14,15,8,23,12,10,22,36,27,27,17,13,15,23,12,15,7,13
2025-03-08,Manhattan,Merrimack,Away,L,12,11,NA,12,7,19,29,26,32,13,7,15,26,11,3,14,30,19,22,15,9,11,26,11,8,12,14
2025-03-15,Manhattan,Mount St. Mary's,Home,W,13,11,NA,13,9,22,40,29,34,10,13,15,28,11,8,19,27,23,25,19,5,13,28,11,12,13,16
2025-03-18,Manhattan,Syracuse,Away,L,2,18,NA,2,0,2,18,9,20,20,3,2,23,18,10,28,71,44,50,11,10,21,23,18,26,2,7
2025-03-26,Manhattan,Quinnipiac,Home,W,7,6,NA,7,4,11,33,19,29,15,13,6,16,6,4,10,32,16,26,20,8,10,16,6,10,7,12
2025-03-29,Manhattan,Canisius,Away,W,7,8,NA,7,2,9,35,17,24,17,10,6,19,8,4,12,44,18,34,20,9,13,19,8,10,7,10
2025-04-05,Manhattan,Siena,Home,W,8,12,NA,8,6,14,31,20,24,17,7,10,24,12,10,22,44,22,31,15,11,14,24,12,10,8,12
2025-02-08,Marist,Mercer,Home,L,16,6,NA,16,6,22,48,31,39,13,9,13,24,6,3,9,44,20,38,19,4,11,24,6,14,16,15
2025-02-15,Marist,Jacksonville,Away,W,12,15,NA,12,5,17,39,19,19,17,3,13,29,15,7,22,50,32,39,12,8,16,29,15,17,12,7
2025-02-22,Marist,Binghamton,Home,L,10,9,NA,10,6,16,46,20,31,11,3,12,22,9,5,14,30,15,22,19,0,10,22,9,6,10,10
2025-02-28,Marist,Denver,Away,L,5,18,NA,5,4,9,37,19,23,12,6,15,27,18,13,31,38,24,31,13,4,12,27,18,6,5,14
2025-03-02,Marist,Air Force,Away,L,8,23,NA,8,3,11,38,20,24,14,4,19,34,23,12,35,50,32,36,11,10,15,34,23,9,8,12
2025-03-08,Marist,Iona,Away,W,12,7,NA,12,6,18,49,23,37,22,9,15,23,7,2,9,33,17,22,17,8,8,23,7,10,12,11
2025-03-15,Marist,Quinnipiac,Home,L,7,8,NA,7,6,13,50,28,35,14,9,13,19,8,6,14,35,19,26,19,7,6,19,8,11,7,21
2025-03-19,Marist,Delaware,Away,W,10,12,NA,10,4,14,33,21,21,20,8,5,25,12,7,19,52,24,35,19,10,20,25,12,12,10,11
2025-03-22,Marist,Mount St. Mary's,Away,L,13,12,NA,13,6,19,43,29,18,11,8,17,29,12,9,21,35,26,24,16,4,12,29,12,14,13,16
2025-03-26,Marist,Canisius,Home,W,14,10,NA,14,6,20,56,28,27,11,8,23,28,10,4,14,23,15,26,14,6,5,28,10,5,14,14
2025-03-29,Marist,Sacred Heart,Away,W,12,13,1,12,5,17,34,16,29,25,6,16,29,13,8,21,51,25,30,18,12,13,29,13,12,12,4
2025-02-01,Marquette,Michigan,Away,W,1,14,NA,1,0,1,26,11,15,23,7,7,19,14,8,22,49,24,38,18,9,12,19,14,10,1,10
2025-02-08,Marquette,Detroit Mercy,Home,L,16,6,NA,16,10,26,49,29,28,15,6,19,26,6,1,7,26,16,18,17,7,7,26,6,10,16,13
2025-02-15,Marquette,Notre Dame,Away,L,9,22,NA,9,5,14,21,18,23,22,7,16,34,22,13,35,50,37,38,13,12,18,34,22,15,9,9
2025-02-22,Marquette,Cleveland St.,Home,L,15,7,NA,15,12,27,56,28,29,9,5,14,26,7,3,10,24,16,25,18,5,12,26,7,9,15,13
2025-03-01,Marquette,Harvard,Away,W,16,20,NA,16,10,26,46,30,43,21,8,26,40,20,12,32,42,27,42,15,14,14,40,20,7,16,14
2025-03-04,Marquette,Bellarmine,Home,W,19,11,NA,19,14,33,50,37,37,16,13,21,33,11,7,18,28,18,22,20,6,12,33,11,7,19,18
2025-03-15,Marquette,Utah,Away,L,12,11,1,12,6,18,48,29,27,13,2,17,26,11,6,17,43,27,23,7,6,9,26,11,16,12,17
2025-03-22,Marquette,"Air Force Chicago, IL",Away,L,9,8,NA,9,6,15,44,16,28,19,8,11,21,8,4,12,39,23,18,15,11,10,21,8,15,9,7
2025-03-29,Marquette,St. John's (NY),Home,L,13,8,NA,13,6,19,50,25,33,17,9,12,25,8,4,12,37,17,24,19,4,13,25,8,9,13,12
2025-04-05,Marquette,Georgetown,Home,W,9,10,2,9,5,14,36,19,18,10,7,8,24,10,7,17,53,27,34,13,6,16,24,10,17,9,10
2025-02-01,Maryland,Richmond,Home,L,12,7,NA,12,9,21,28,16,26,14,7,13,21,7,1,8,32,21,19,10,8,8,21,7,14,12,4
2025-02-08,Maryland,Loyola Maryland,Away,L,8,7,1,8,4,12,31,19,26,18,4,13,19,7,2,9,26,17,23,12,11,6,19,7,10,8,11
2025-02-15,Maryland,Syracuse,Home,L,11,7,NA,11,5,16,32,23,22,12,7,11,22,7,3,10,41,19,23,13,7,11,22,7,12,11,12
2025-02-22,Maryland,Princeton,Away,W,13,9,NA,13,4,17,42,26,34,11,2,16,26,9,4,13,46,21,29,6,6,10,26,9,12,13,13
2025-03-01,Maryland,"Notre Dame Atlanta, Georgia",Away,L,11,10,NA,11,7,18,29,20,19,13,9,6,24,10,7,17,43,27,37,17,8,18,24,10,17,11,9
2025-03-08,Maryland,Delaware,Home,L,14,3,NA,14,11,25,46,30,32,8,9,9,19,3,0,3,34,25,20,11,4,10,19,3,22,14,16
2025-03-15,Maryland,Virginia,Away,W,12,6,NA,12,5,17,30,19,22,20,3,13,22,6,2,8,36,19,32,9,10,9,22,6,13,12,7
2025-03-22,Maryland,Michigan,Home,L,10,11,3,10,10,20,40,22,37,20,11,16,27,11,3,14,35,21,28,18,7,11,27,11,10,10,12
2025-03-29,Maryland,Penn St.,Home,L,13,8,NA,13,11,24,25,19,27,16,12,8,24,8,5,13,33,18,22,16,7,16,24,8,10,13,6
2025-04-05,Maryland,Rutgers,Away,W,6,8,NA,6,5,11,40,20,31,12,8,10,17,8,4,12,28,15,17,17,6,7,17,8,7,6,14
2025-02-08,Massachusetts,Army West Point,Home,W,9,16,NA,9,6,15,31,22,26,24,6,13,29,16,12,28,55,34,30,15,12,16,29,16,18,9,13
2025-02-14,Massachusetts,Quinnipiac,Home,L,19,5,NA,19,12,31,49,36,32,12,8,18,27,5,3,8,25,16,31,18,6,9,27,5,11,19,17
2025-02-18,Massachusetts,Dartmouth,Home,L,11,7,NA,11,7,18,37,22,30,14,9,11,22,7,6,13,49,17,35,17,6,11,22,7,10,11,11
2025-02-22,Massachusetts,NJIT,Home,L,12,4,NA,12,8,20,38,22,25,17,7,9,19,4,1,5,46,22,19,19,7,10,19,4,18,12,10
2025-03-01,Massachusetts,UAlbany,Away,W,10,9,NA,10,6,16,39,23,33,17,9,12,22,9,3,12,39,22,29,17,8,10,22,9,13,10,13
2025-03-08,Massachusetts,Vermont,Away,W,11,7,NA,11,6,17,33,15,21,13,13,5,21,7,3,10,30,15,26,20,7,16,21,7,8,11,4
2025-03-15,Massachusetts,Rutgers,Away,W,11,7,NA,11,5,16,40,25,22,12,6,9,20,7,4,11,35,20,32,17,8,11,20,7,13,11,14
2025-03-18,Massachusetts,UMass Lowell,Away,W,10,9,NA,10,3,13,40,23,22,11,7,10,23,9,2,11,37,18,23,17,6,13,23,9,9,10,13
2025-03-22,Massachusetts,Brown,Home,L,7,8,NA,7,5,12,28,20,28,18,6,8,18,8,4,12,35,24,32,16,11,10,18,8,16,7,13
2025-03-29,Massachusetts,Saint Joseph's,Away,L,11,10,NA,11,3,14,36,21,30,20,5,17,25,10,5,15,39,23,30,14,15,8,25,10,13,11,10
2025-04-05,Massachusetts,High Point,Home,W,9,14,NA,9,5,14,29,18,14,12,7,8,25,14,10,24,34,26,34,16,3,17,25,14,12,9,9
2025-02-01,Mercer,Hampton,Away,W,23,3,NA,23,12,35,61,41,32,22,8,22,27,3,2,5,26,11,14,19,8,5,27,3,8,23,18
2025-02-08,Mercer,Marist,Away,L,6,16,NA,6,3,9,44,20,38,19,4,11,24,16,6,22,48,31,39,13,9,13,24,16,15,6,14
2025-02-15,Mercer,VMI,Home,L,11,14,NA,11,6,17,52,33,35,19,10,22,29,14,6,20,35,25,16,18,10,7,29,14,11,11,22
2025-02-22,Mercer,"Army West Point Naples, Florida",Away,L,4,17,NA,4,1,5,24,16,24,27,7,6,24,17,11,28,66,46,42,19,11,18,24,17,29,4,12
2025-03-01,Mercer,"Drexel Atlanta, Ga.",Away,L,6,21,NA,6,4,10,33,21,27,19,5,14,30,21,13,34,50,37,31,16,6,16,30,21,16,6,15
2025-03-06,Mercer,St. Bonaventure,Away,W,5,9,NA,5,1,6,30,16,25,22,7,10,17,9,1,10,34,17,26,21,13,7,17,9,8,5,11
2025-03-08,Mercer,Le Moyne,Away,L,7,10,NA,7,4,11,36,16,33,19,7,8,21,10,5,15,27,19,24,24,5,13,21,10,9,7,9
2025-03-15,Mercer,St. John's (NY),Away,W,16,20,NA,16,8,24,50,32,31,15,9,13,37,20,13,33,46,34,45,21,4,24,37,20,14,16,16
2025-03-29,Mercer,Queens (NC),Home,W,12,11,NA,12,8,20,45,29,23,8,6,13,27,11,5,16,40,27,29,15,5,14,27,11,16,12,17
2025-04-05,Mercer,Utah,Away,W,10,16,NA,10,7,17,39,24,26,22,5,11,26,16,9,25,59,34,48,15,13,15,26,16,18,10,14
2025-02-01,Merrimack,Bucknell,Away,L,7,23,NA,7,6,13,34,18,34,27,10,12,32,23,19,42,56,34,43,22,13,20,32,23,11,7,11
2025-02-07,Merrimack,UMass Lowell,Away,L,9,14,NA,9,5,14,37,24,23,17,4,12,26,14,8,22,47,33,36,13,11,14,26,14,19,9,15
2025-02-15,Merrimack,Bryant,Home,W,4,19,NA,4,3,7,32,18,14,22,13,10,25,19,12,31,46,30,17,19,10,15,25,19,11,4,14
2025-02-25,Merrimack,Providence,Home,W,7,18,NA,7,3,10,27,16,21,18,5,12,27,18,13,31,48,32,30,10,11,15,27,18,14,7,9
2025-03-04,Merrimack,Holy Cross,Away,L,11,10,1,11,5,16,39,24,31,16,7,12,24,10,8,18,36,29,36,12,11,12,24,10,19,11,13
2025-03-08,Merrimack,Manhattan,Home,L,11,12,NA,11,3,14,30,19,22,15,9,11,26,12,7,19,29,26,32,13,7,15,26,12,14,11,8
2025-03-15,Merrimack,Canisius,Away,L,9,10,NA,9,8,17,25,12,23,21,8,9,21,10,6,16,42,22,31,22,9,12,21,10,12,9,3
2025-03-22,Merrimack,Sacred Heart,Home,W,8,13,NA,8,3,11,47,21,27,22,5,15,25,13,9,22,46,25,29,16,8,10,25,13,12,8,13
2025-03-26,Merrimack,Siena,Home,W,8,16,NA,8,7,15,36,24,28,15,5,10,27,16,13,29,45,36,38,12,9,17,27,16,20,8,16
2025-04-05,Merrimack,Iona,Away,W,19,6,NA,19,11,30,51,32,41,21,13,15,28,6,4,10,29,18,33,27,8,13,28,6,12,19,13
2025-02-01,Michigan,Marquette,Home,W,14,1,NA,14,8,22,49,24,38,18,9,12,19,1,0,1,26,11,15,23,7,7,19,1,10,14,10
2025-02-08,Michigan,North Carolina,Away,L,6,15,NA,6,5,11,35,18,27,20,10,11,25,15,8,23,43,22,35,19,13,14,25,15,7,6,12
2025-02-15,Michigan,Hobart,Away,W,15,9,NA,15,11,26,41,25,40,12,10,11,27,9,5,14,37,16,31,17,6,16,27,9,7,15,10
2025-02-22,Michigan,Duke,Away,W,7,8,1,7,5,12,30,21,22,18,4,8,17,8,3,11,36,18,30,16,9,9,17,8,10,7,14
2025-02-25,Michigan,Canisius,Home,L,16,2,NA,16,13,29,50,34,30,13,20,7,20,2,1,3,18,11,29,29,6,13,20,2,9,16,18
2025-03-04,Michigan,Cleveland St.,Home,L,19,5,NA,19,12,31,48,28,44,21,12,17,28,5,3,8,23,10,21,24,9,11,28,5,5,19,9
2025-03-08,Michigan,Harvard,Away,W,11,14,NA,11,5,16,32,23,33,22,11,15,28,14,10,24,45,26,41,19,14,13,28,14,12,11,12
2025-03-15,Michigan,Notre Dame,Home,W,7,19,NA,7,4,11,30,19,29,18,7,10,30,19,10,29,48,29,42,12,9,20,30,19,10,7,12
2025-03-22,Michigan,Maryland,Away,L,11,10,3,11,3,14,35,21,28,18,7,11,27,10,10,20,40,22,37,20,11,16,27,10,12,11,10
2025-03-29,Michigan,Johns Hopkins,Home,L,11,8,NA,11,6,17,35,21,27,14,10,6,22,8,3,11,38,20,25,17,7,16,22,8,12,11,10
2025-04-06,Michigan,Penn St.,Home,W,8,11,NA,8,5,13,28,17,24,14,10,9,23,11,7,18,38,19,29,12,7,14,23,11,8,8,9
2025-02-08,Monmouth,Manhattan,Home,L,7,9,NA,7,5,12,30,18,27,20,6,9,19,9,2,11,37,23,37,16,14,10,19,9,14,7,11
2025-02-14,Monmouth,Boston U.,Away,L,6,15,NA,6,3,9,21,14,23,21,5,10,24,15,12,27,49,30,32,15,12,14,24,15,15,6,8
2025-02-18,Monmouth,Saint Joseph's,Away,L,3,12,NA,3,1,4,28,18,19,20,6,9,19,12,5,17,41,28,33,18,13,10,19,12,16,3,15
2025-02-25,Monmouth,Wagner,Away,W,16,7,NA,16,8,24,45,29,29,14,9,15,26,7,1,8,26,16,21,15,4,11,26,7,9,16,13
2025-03-01,Monmouth,Mount St. Mary's,Away,L,11,10,NA,11,6,17,46,29,25,11,9,12,25,10,8,18,30,19,38,18,6,13,25,10,9,11,18
2025-03-05,Monmouth,NJIT,Home,L,18,4,NA,18,9,27,39,24,28,12,10,10,25,4,2,6,34,13,33,20,4,15,25,4,9,18,6
2025-03-08,Monmouth,VMI,Home,L,10,11,NA,10,5,15,37,27,36,16,9,12,24,11,7,18,35,20,24,19,6,12,24,11,9,10,17
2025-03-15,Monmouth,Drexel,Away,W,10,13,NA,10,4,14,41,24,30,14,11,4,25,13,8,21,34,24,35,20,6,21,25,13,11,10,14
2025-03-22,Monmouth,Hofstra,Home,W,9,15,NA,9,7,16,50,26,29,11,6,12,27,15,8,23,43,24,42,17,3,15,27,15,9,9,17
2025-03-29,Monmouth,Hampton,Away,W,24,4,NA,24,8,32,67,43,37,12,8,24,30,4,1,5,16,11,16,17,6,6,30,4,7,24,19
2025-04-05,Monmouth,Towson,Home,L,10,12,NA,10,4,14,40,17,19,12,7,7,26,12,8,20,47,23,33,19,7,19,26,12,11,10,7
2025-02-01,Mount St. Mary's,Queens (NC),Away,W,14,9,NA,14,8,22,47,25,20,18,6,12,26,9,7,16,49,20,22,13,8,14,26,9,11,14,11
2025-02-08,Mount St. Mary's,LIU,Home,L,12,15,NA,12,8,20,24,19,22,17,6,13,31,15,9,24,46,32,48,12,11,18,31,15,17,12,7
2025-02-11,Mount St. Mary's,St. Bonaventure,Home,L,8,9,1,8,6,14,34,17,35,18,11,7,21,9,7,16,40,22,48,25,10,14,21,9,13,8,9
2025-02-15,Mount St. Mary's,Wagner,Away,W,15,9,NA,15,7,22,36,23,18,14,8,11,28,9,5,14,36,23,30,12,11,17,28,9,14,15,8
2025-02-19,Mount St. Mary's,UMBC,Away,L,6,12,NA,6,2,8,31,16,14,10,6,3,22,12,4,16,41,23,23,15,6,19,22,12,11,6,10
2025-03-01,Mount St. Mary's,Monmouth,Home,L,10,11,NA,10,8,18,30,19,38,18,6,13,25,11,6,17,46,29,25,11,9,12,25,11,18,10,9
2025-03-08,Mount St. Mary's,Quinnipiac,Home,L,10,21,NA,10,8,18,25,15,21,26,4,13,34,21,10,31,48,34,33,14,12,21,34,21,13,10,5
2025-03-15,Mount St. Mary's,Manhattan,Away,W,11,13,NA,11,8,19,27,23,25,19,5,13,28,13,9,22,40,29,34,10,13,15,28,13,16,11,12
2025-03-22,Mount St. Mary's,Marist,Home,L,12,13,NA,12,9,21,35,26,24,16,4,12,29,13,6,19,43,29,18,11,8,17,29,13,16,12,14
2025-03-29,Mount St. Mary's,Siena,Away,L,8,12,NA,8,5,13,30,16,25,13,4,4,23,12,8,20,43,27,31,11,3,19,23,12,15,8,8
2025-04-05,Mount St. Mary's,Canisius,Home,W,6,12,NA,6,3,9,29,14,17,18,6,10,21,12,6,18,45,21,22,18,8,11,21,12,9,6,8
2025-02-08,NJIT,St. John's (NY),Home,L,14,15,NA,14,8,22,48,28,31,19,4,19,31,15,14,29,36,23,27,17,7,12,31,15,8,14,14
2025-02-22,NJIT,Massachusetts,Away,L,4,12,NA,4,1,5,46,22,19,19,7,10,19,12,8,20,38,22,25,17,7,9,19,12,10,4,18
2025-02-26,NJIT,Drexel,Home,W,5,17,NA,5,4,9,32,16,22,23,5,16,26,17,9,26,43,28,31,17,10,10,26,17,11,5,11
2025-03-05,NJIT,Monmouth,Away,L,4,18,NA,4,2,6,34,13,33,20,4,15,25,18,9,27,39,24,28,12,10,10,25,18,6,4,9
2025-03-08,NJIT,Wagner,Home,W,12,11,NA,12,7,19,50,28,31,15,7,13,26,11,5,16,33,21,21,18,4,13,26,11,10,12,16
2025-03-11,NJIT,Lafayette,Away,L,4,14,NA,4,3,7,33,13,23,18,6,8,20,14,10,24,38,24,32,20,4,12,20,14,10,4,9
2025-03-22,NJIT,Binghamton,Away,W,4,9,NA,4,1,5,20,9,24,32,18,4,17,9,6,15,46,24,36,24,13,13,17,9,15,4,5
2025-03-29,NJIT,Vermont,Home,W,8,19,NA,8,5,13,48,21,30,18,10,13,31,19,16,35,49,28,36,17,11,18,31,19,9,8,13
2025-04-05,NJIT,Bryant,Home,W,6,15,NA,6,3,9,29,16,24,21,9,15,24,15,9,24,56,30,41,13,16,9,24,15,15,6,10
2025-02-01,Navy,High Point,Away,L,14,10,NA,14,8,22,36,21,39,18,13,13,28,10,5,15,32,22,37,17,11,15,28,10,12,14,7
2025-02-08,Navy,Iona,Home,L,22,9,NA,22,14,36,66,37,41,15,5,22,35,9,4,13,32,19,24,15,2,13,35,9,10,22,15
2025-02-16,Navy,Towson,Home,W,14,10,NA,14,6,20,42,23,37,17,5,16,28,10,6,16,46,23,25,15,5,12,28,10,13,14,9
2025-02-22,Navy,Penn St.,Away,L,7,13,NA,7,2,9,26,13,21,19,2,11,24,13,7,20,54,33,37,11,15,13,24,13,20,7,6
2025-03-01,Navy,Boston U.,Home,L,13,9,NA,13,9,22,43,29,40,14,11,10,25,9,6,15,41,16,43,22,5,15,25,9,7,13,16
2025-03-07,Navy,Lehigh,Home,W,8,13,NA,8,8,16,31,18,11,11,4,2,25,13,7,20,51,22,38,17,2,23,25,13,9,8,10
2025-03-15,Navy,Johns Hopkins,Home,W,9,12,NA,9,4,13,34,23,19,7,4,5,25,12,7,19,48,20,30,15,2,20,25,12,8,9,14
2025-03-18,Navy,Le Moyne,Home,W,8,5,NA,8,5,13,38,25,38,12,10,8,17,5,5,10,21,9,21,21,4,9,17,5,4,8,17
2025-03-22,Navy,Holy Cross,Away,L,9,8,1,9,5,14,43,29,30,16,7,16,20,8,5,13,29,18,24,15,5,4,20,8,10,9,20
2025-03-29,Navy,Colgate,Away,L,9,14,NA,9,4,13,37,19,16,19,6,14,28,14,10,24,53,33,33,9,9,14,28,14,19,9,10
2025-04-04,Navy,Lafayette,Home,L,14,8,NA,14,11,25,36,22,32,17,6,13,26,8,2,10,50,25,40,13,9,13,26,8,17,14,8
2025-02-08,North Carolina,Michigan,Home,L,15,6,NA,15,8,23,43,22,35,19,13,14,25,6,5,11,35,18,27,20,10,11,25,6,12,15,7
2025-02-14,North Carolina,Stony Brook,Home,W,9,4,NA,9,5,14,41,26,33,16,11,13,17,4,2,6,19,15,22,19,3,4,17,4,11,9,17
2025-02-22,North Carolina,Johns Hopkins,Away,L,13,12,NA,13,7,20,40,23,29,12,4,13,28,12,7,19,36,19,31,12,3,15,28,12,7,13,10
2025-02-28,North Carolina,Penn,Home,L,16,8,NA,16,11,27,40,26,43,21,10,19,28,8,6,14,37,18,24,17,7,9,28,8,10,16,10
2025-03-02,North Carolina,Princeton,Home,L,12,14,NA,12,3,15,47,23,39,15,4,21,30,14,7,21,44,27,32,6,6,9,30,14,13,12,11
2025-03-08,North Carolina,Hofstra,Home,L,18,7,NA,18,12,30,48,29,43,19,9,25,29,7,2,9,31,18,23,16,4,4,29,7,11,18,11
2025-03-16,North Carolina,Jacksonville,Home,L,20,7,NA,20,12,32,53,30,39,14,7,21,31,7,3,10,26,19,21,16,6,10,31,7,12,20,10
2025-03-21,North Carolina,High Point,Away,W,14,2,NA,14,5,19,49,30,32,12,14,11,20,2,1,3,25,13,24,19,5,9,20,2,11,14,16
2025-03-29,North Carolina,Army West Point,Away,W,12,13,NA,12,4,16,36,22,36,17,8,19,26,13,10,23,38,21,29,15,7,7,26,13,8,12,10
2025-04-05,North Carolina,Virginia,Home,L,18,9,NA,18,7,25,51,26,36,12,5,19,30,9,3,12,32,18,31,14,7,11,30,9,9,18,8
2025-02-12,Notre Dame,Cleveland St.,Home,L,24,6,NA,24,19,43,51,33,40,9,7,20,33,6,2,8,26,18,25,16,3,13,33,6,12,24,9
2025-02-15,Notre Dame,Marquette,Home,L,22,9,NA,22,13,35,50,37,38,13,12,18,34,9,5,14,21,18,23,22,7,16,34,9,9,22,15
2025-02-22,Notre Dame,Georgetown,Away,W,11,9,NA,11,2,13,36,16,27,20,5,16,23,9,4,13,43,25,40,11,12,7,23,9,16,11,5
2025-03-01,Notre Dame,"Maryland Atlanta, Georgia",Away,W,10,11,NA,10,7,17,43,27,37,17,8,18,24,11,7,18,29,20,19,13,9,6,24,11,9,10,17
2025-03-08,Notre Dame,Ohio St.,Home,W,9,10,NA,9,4,13,34,22,30,16,9,9,22,10,4,14,44,30,22,14,10,13,22,10,20,9,13
2025-03-15,Notre Dame,Michigan,Away,W,19,7,NA,19,10,29,48,29,42,12,9,20,30,7,4,11,30,19,29,18,7,10,30,7,12,19,10
2025-03-29,Notre Dame,Duke,Home,L,14,7,NA,14,10,24,38,25,27,12,5,13,23,7,4,11,32,17,23,11,7,10,23,7,10,14,11
2025-04-05,Notre Dame,Syracuse,Away,L,9,14,NA,9,7,16,33,19,25,16,6,9,25,14,9,23,43,25,32,16,7,16,25,14,11,9,10
2025-02-01,Ohio St.,Utah,Home,L,13,19,NA,13,9,22,39,25,31,14,10,11,34,19,8,27,43,34,44,17,9,23,34,19,15,13,12
2025-02-04,Ohio St.,Detroit Mercy,Home,L,14,4,NA,14,5,19,53,30,45,19,13,16,22,4,2,6,28,15,27,23,11,6,22,4,11,14,16
2025-02-08,Ohio St.,Cleveland St.,Home,L,14,4,NA,14,9,23,47,27,41,23,15,14,21,4,1,5,30,12,32,27,15,7,21,4,8,14,13
2025-02-11,Ohio St.,Bellarmine,Home,L,16,4,NA,16,10,26,58,31,45,19,18,15,21,4,1,5,18,11,26,24,9,6,21,4,7,16,15
2025-02-15,Ohio St.,Air Force,Home,W,17,11,NA,17,13,30,36,27,30,14,7,15,32,11,8,19,33,21,28,17,8,17,32,11,10,17,10
2025-02-22,Ohio St.,Virginia,Home,L,14,5,NA,14,7,21,38,21,38,14,9,6,20,5,4,9,39,17,34,21,4,14,20,5,12,14,7
2025-03-01,Ohio St.,Bryant,Home,W,7,5,NA,7,5,12,37,22,29,22,11,8,13,5,1,6,32,12,35,25,13,5,13,5,7,7,15
2025-03-08,Ohio St.,Notre Dame,Away,W,10,9,NA,10,4,14,44,30,22,14,10,13,22,9,4,13,34,22,30,16,9,9,22,9,13,10,20
2025-03-16,Ohio St.,Denver,Away,L,15,11,NA,15,8,23,35,25,30,16,9,15,30,11,6,17,34,22,39,16,10,15,30,11,11,15,10
2025-03-23,Ohio St.,Penn St.,Away,W,13,9,NA,13,7,20,29,20,35,22,10,17,26,9,6,15,40,26,36,15,15,9,26,9,17,13,7
2025-03-29,Ohio St.,Rutgers,Home,W,13,11,NA,13,7,20,40,19,39,21,10,12,28,11,4,15,47,30,46,22,11,16,28,11,19,13,6
2025-04-05,Ohio St.,Johns Hopkins,Away,L,14,10,NA,14,9,23,30,19,21,14,3,9,28,10,6,16,38,25,30,14,8,19,28,10,15,14,5
2025-02-15,Penn,Georgetown,Away,W,6,8,NA,6,4,10,25,14,14,14,2,7,18,8,4,12,41,21,25,14,5,11,18,8,13,6,8
2025-02-18,Penn,UAlbany,Home,L,14,8,NA,14,12,26,34,21,27,15,8,12,26,8,4,12,26,16,23,18,4,14,26,8,8,14,7
2025-02-22,Penn,Delaware,Away,W,10,2,NA,10,5,15,35,22,17,15,8,1,15,2,1,3,29,16,28,17,7,14,15,2,14,10,12
2025-02-28,Penn,North Carolina,Away,L,8,16,NA,8,6,14,37,18,24,17,7,9,28,16,11,27,40,26,43,21,10,19,28,16,10,8,10
2025-03-02,Penn,Duke,Away,L,6,11,NA,6,4,10,35,15,16,18,2,12,20,11,8,19,42,24,30,9,10,8,20,11,13,6,9
2025-03-08,Penn,Villanova,Home,L,11,8,NA,11,7,18,31,20,21,17,7,8,23,8,4,12,36,22,36,21,9,15,23,8,14,11,9
2025-03-15,Penn,Brown,Home,W,9,8,NA,9,5,14,31,18,21,13,11,6,21,8,3,11,38,23,22,14,6,15,21,8,15,9,9
2025-03-18,Penn,Saint Joseph's,Home,L,10,11,NA,10,8,18,33,15,20,21,9,13,25,11,6,17,27,23,24,17,9,12,25,11,12,10,5
2025-03-22,Penn,Dartmouth,Home,L,8,9,1,8,5,13,37,22,21,17,5,13,21,9,2,11,31,17,31,14,7,8,21,9,8,8,14
2025-03-29,Penn,Cornell,Away,L,5,15,NA,5,3,8,37,17,24,15,7,10,23,15,12,27,38,23,26,14,5,13,23,15,8,5,12
2025-04-05,Penn,Yale,Home,L,11,14,NA,11,7,18,45,24,25,14,7,17,28,14,5,19,37,25,22,12,6,11,28,14,11,11,13
2025-02-01,Penn St.,Colgate,Home,L,14,9,NA,14,13,27,45,26,37,18,15,16,27,9,3,12,34,23,21,17,7,11,27,9,14,14,12
2025-02-09,Penn St.,Villanova,Away,W,15,5,NA,15,6,21,34,20,27,19,9,11,24,5,3,8,34,15,25,20,14,13,24,5,10,15,5
2025-02-15,Penn St.,Princeton,Home,L,10,11,1,10,5,15,43,32,26,13,10,20,26,11,7,18,32,22,12,20,6,6,26,11,11,10,22
2025-02-22,Penn St.,Navy,Home,L,13,7,NA,13,7,20,54,33,37,11,15,13,24,7,2,9,26,13,21,19,2,11,24,7,6,13,20
2025-03-01,Penn St.,Yale,Away,W,15,9,NA,15,11,26,42,27,32,13,7,18,27,9,4,13,48,27,23,11,6,9,27,9,18,15,12
2025-03-08,Penn St.,Cornell,Away,L,13,12,1,13,8,21,44,22,32,12,5,16,27,12,6,18,37,16,30,14,8,11,27,12,4,13,9
2025-03-12,Penn St.,Robert Morris,Home,L,22,8,NA,22,15,37,49,34,42,17,10,20,34,8,7,15,28,19,34,19,8,14,34,8,11,22,12
2025-03-23,Penn St.,Ohio St.,Home,W,9,13,NA,9,6,15,40,26,36,15,15,9,26,13,7,20,29,20,35,22,10,17,26,13,7,9,17
2025-03-29,Penn St.,Maryland,Away,L,8,13,NA,8,5,13,33,18,22,16,7,16,24,13,11,24,25,19,27,16,12,8,24,13,6,8,10
2025-04-06,Penn St.,Michigan,Away,W,11,8,NA,11,7,18,38,19,29,12,7,14,23,8,5,13,28,17,24,14,10,9,23,8,9,11,8
2025-02-15,Princeton,Penn St.,Away,L,11,10,1,11,7,18,32,22,12,20,6,6,26,10,5,15,43,32,26,13,10,20,26,10,22,11,11
2025-02-22,Princeton,Maryland,Home,W,9,13,NA,9,4,13,46,21,29,6,6,10,26,13,4,17,42,26,34,11,2,16,26,13,13,9,12
2025-02-28,Princeton,Duke,Away,L,15,14,NA,15,8,23,39,26,34,15,7,14,32,14,10,24,34,20,29,15,6,18,32,14,6,15,11
2025-03-02,Princeton,North Carolina,Away,L,14,12,NA,14,7,21,44,27,32,6,6,9,30,12,3,15,47,23,39,15,4,21,30,12,11,14,13
2025-03-08,Princeton,Rutgers,Home,L,11,5,NA,11,6,17,38,21,24,19,7,6,19,5,2,7,53,29,33,11,9,13,19,5,24,11,10
2025-03-15,Princeton,Cornell,Away,W,10,15,NA,10,5,15,35,22,24,11,3,12,29,15,10,25,51,29,29,11,5,17,29,15,14,10,12
2025-03-22,Princeton,Harvard,Home,W,13,11,NA,13,6,19,45,25,42,20,9,17,27,11,6,17,50,28,32,14,12,10,27,11,17,13,12
2025-03-29,Princeton,Dartmouth,Away,W,11,8,NA,11,5,16,60,32,37,6,12,10,22,8,4,12,34,21,29,18,3,12,22,8,13,11,21
2025-04-01,Princeton,Lehigh,Home,W,17,12,NA,17,11,28,58,31,50,17,8,20,33,12,7,19,44,26,35,17,6,13,33,12,14,17,14
2025-04-05,Princeton,Vermont,Home,L,10,5,NA,10,7,17,49,30,36,12,7,7,18,5,5,10,29,16,34,15,6,11,18,5,11,10,20
2025-02-01,Providence,Holy Cross,Home,L,15,8,NA,15,12,27,50,37,38,16,4,16,25,8,4,12,28,19,24,20,7,9,25,8,11,15,22
2025-02-08,Providence,Bryant,Away,L,15,12,NA,15,11,26,35,27,31,14,10,14,30,12,7,19,45,27,39,12,9,16,30,12,15,15,12
2025-02-15,Providence,Harvard,Home,L,10,12,NA,10,7,17,43,23,31,21,2,19,26,12,7,19,35,24,26,14,7,7,26,12,12,10,13
2025-02-22,Providence,Brown,Away,W,6,7,NA,6,5,11,33,25,21,10,2,8,16,7,5,12,36,22,16,13,4,8,16,7,15,6,19
2025-02-25,Providence,Merrimack,Away,W,18,7,NA,18,13,31,48,32,30,10,11,15,27,7,3,10,27,16,21,18,5,12,27,7,9,18,14
2025-03-01,Providence,Fairfield,Away,L,7,15,NA,7,5,12,30,22,27,21,7,12,24,15,9,24,47,32,34,13,13,12,24,15,17,7,15
2025-03-08,Providence,Loyola Maryland,Home,W,12,11,NA,12,5,17,43,27,29,14,7,13,26,11,7,18,36,20,28,16,7,13,26,11,9,12,15
2025-03-12,Providence,Duke,Away,W,10,16,NA,10,4,14,27,19,23,19,3,11,28,16,10,26,44,28,38,17,10,17,28,16,12,10,9
2025-03-22,Providence,Saint Joseph's,Away,L,8,16,NA,8,6,14,30,18,25,19,4,15,28,16,9,25,44,26,31,13,11,13,28,16,10,8,10
2025-03-29,Providence,Georgetown,Away,W,13,14,NA,13,10,23,35,23,26,17,7,14,30,14,12,26,38,29,36,17,11,16,30,14,15,13,10
2025-04-05,Providence,Villanova,Home,W,8,11,NA,8,5,13,33,18,25,23,8,11,22,11,5,16,41,22,32,18,15,11,22,11,11,8,10
2025-02-01,Queens (NC),Mount St. Mary's,Home,W,9,14,NA,9,7,16,49,20,22,13,8,14,26,14,8,22,47,25,20,18,6,12,26,14,11,9,11
2025-02-07,Queens (NC),Holy Cross,Home,L,12,13,NA,12,6,18,29,13,24,20,10,10,28,13,4,17,56,25,26,14,10,18,28,13,12,12,1
2025-02-16,Queens (NC),Stony Brook,Home,W,6,12,NA,6,5,11,37,19,28,17,7,9,21,12,4,16,50,23,29,17,8,12,21,12,11,6,13
2025-02-22,Queens (NC),Mercyhurst,Away,L,9,8,NA,9,4,13,37,19,21,12,3,13,20,8,2,10,46,20,26,10,7,7,20,8,12,9,10
2025-03-02,Queens (NC),"UMass Lowell Towson, Md.",Away,L,12,11,1,12,5,17,49,29,41,17,9,14,25,11,6,17,34,18,34,22,5,11,25,11,7,12,17
2025-03-04,Queens (NC),VMI,Away,L,7,20,NA,7,2,9,37,20,24,21,5,17,30,20,10,30,47,32,26,12,10,13,30,20,12,7,13
2025-03-08,Queens (NC),LIU,Home,W,9,13,NA,9,4,13,37,21,23,14,7,12,26,13,4,17,39,29,24,14,7,14,26,13,16,9,12
2025-03-11,Queens (NC),High Point,Away,L,7,18,NA,7,3,10,29,15,26,16,9,11,28,18,10,28,46,28,41,14,9,17,28,18,10,7,8
2025-03-18,Queens (NC),Hampton,Away,W,15,8,NA,15,6,21,54,31,45,11,12,19,27,8,3,11,29,21,28,21,5,8,27,8,13,15,16
2025-03-29,Queens (NC),Mercer,Away,W,11,12,NA,11,5,16,40,27,29,15,5,14,27,12,8,20,45,29,23,8,6,13,27,12,17,11,16
2025-04-05,Queens (NC),Jacksonville,Home,W,6,11,NA,6,3,9,33,15,28,18,8,7,20,11,10,21,42,22,33,20,7,13,20,11,11,6,9
2025-02-14,Quinnipiac,Massachusetts,Away,L,5,19,NA,5,3,8,25,16,31,18,6,9,27,19,12,31,49,36,32,12,8,18,27,19,17,5,11
2025-02-18,Quinnipiac,St. John's (NY),Away,L,9,15,NA,9,4,13,31,17,25,17,6,12,25,15,8,23,47,31,38,18,8,13,25,15,16,9,8
2025-02-22,Quinnipiac,Bryant,Home,L,10,18,NA,10,1,11,34,20,25,21,9,16,32,18,12,30,48,33,33,18,11,16,32,18,15,10,10
2025-02-28,Quinnipiac,Air Force,Away,L,8,21,NA,8,5,13,32,18,19,17,3,18,32,21,17,38,50,31,36,10,9,14,32,21,10,8,10
2025-03-02,Quinnipiac,Denver,Away,L,7,14,NA,7,5,12,27,14,23,16,9,11,24,14,10,24,48,26,33,14,8,13,24,14,12,7,7
2025-03-08,Quinnipiac,Mount St. Mary's,Away,L,21,10,NA,21,10,31,48,34,33,14,12,21,34,10,8,18,25,15,21,26,4,13,34,10,5,21,13
2025-03-15,Quinnipiac,Marist,Away,L,8,7,NA,8,6,14,35,19,26,19,7,6,19,7,6,13,50,28,35,14,9,13,19,7,21,8,11
2025-03-22,Quinnipiac,Canisius,Home,W,9,10,NA,9,7,16,29,14,20,11,11,9,22,10,8,18,29,21,23,14,5,13,22,10,11,9,5
2025-03-26,Quinnipiac,Manhattan,Away,W,6,7,NA,6,4,10,32,16,26,20,8,10,16,7,4,11,33,19,29,15,13,6,16,7,12,6,10
2025-03-29,Quinnipiac,Iona,Home,W,8,12,NA,8,6,14,49,26,32,16,13,12,24,12,10,22,33,17,29,20,9,12,24,12,5,8,18
2025-04-05,Quinnipiac,Sacred Heart,Home,W,7,12,NA,7,5,12,37,19,30,16,9,13,23,12,8,20,49,30,33,11,7,10,23,12,18,7,12
2025-02-01,Richmond,Maryland,Away,L,7,12,NA,7,1,8,32,21,19,10,8,8,21,12,9,21,28,16,26,14,7,13,21,12,4,7,14
2025-02-08,Richmond,Robert Morris,Home,L,17,2,NA,17,10,27,47,30,33,20,15,9,23,2,0,2,24,13,36,27,10,14,23,2,11,17,13
2025-02-15,Richmond,Virginia,Away,L,13,10,NA,13,10,23,45,26,37,19,11,12,25,10,5,15,35,24,35,19,7,13,25,10,14,13,13
2025-02-22,Richmond,Lehigh,Away,L,9,8,NA,9,6,15,39,25,30,11,7,5,20,8,4,12,32,21,34,17,6,15,20,8,13,9,16
2025-03-02,Richmond,Cornell,Home,L,11,12,NA,11,7,18,40,27,30,13,12,8,27,12,5,17,37,25,33,19,5,19,27,12,13,11,16
2025-03-04,Richmond,Mercyhurst,Home,L,23,3,NA,23,13,36,56,37,45,13,12,25,30,3,1,4,19,5,17,21,3,5,30,3,2,23,14
2025-03-08,Richmond,UMBC,Home,L,14,8,NA,14,9,23,43,22,30,17,9,14,26,8,5,13,25,13,25,25,5,12,26,8,5,14,8
2025-03-15,Richmond,Duke,Home,L,12,13,2,12,5,17,46,26,30,15,8,19,29,13,7,20,35,23,25,13,5,10,29,13,10,12,14
2025-03-22,Richmond,Georgetown,Away,L,13,12,NA,13,8,21,38,21,41,12,11,13,29,12,9,21,36,20,31,18,9,16,29,12,8,13,8
2025-03-29,Richmond,St. Bonaventure,Home,L,22,5,NA,22,13,35,68,33,40,12,17,12,28,5,4,9,21,13,28,25,3,16,28,5,8,22,11
2025-04-05,Richmond,Hobart,Away,W,15,7,NA,15,10,25,47,25,37,13,12,11,24,7,5,12,29,15,23,21,5,13,24,7,8,15,10
2025-02-08,Robert Morris,Richmond,Away,L,2,17,NA,2,0,2,24,13,36,27,10,14,23,17,10,27,47,30,33,20,15,9,23,17,13,2,11
2025-02-15,Robert Morris,High Point,Away,W,11,17,NA,11,6,17,38,23,36,16,6,18,31,17,12,29,43,27,39,15,9,13,31,17,10,11,12
2025-02-18,Robert Morris,St. Bonaventure,Home,W,8,7,NA,8,5,13,35,19,27,18,5,10,17,7,3,10,41,20,26,17,4,7,17,7,13,8,11
2025-02-22,Robert Morris,Canisius,Home,W,9,7,NA,9,5,14,39,24,40,12,13,14,19,7,3,10,32,20,24,18,3,5,19,7,13,9,15
2025-03-01,Robert Morris,Hobart,Home,L,17,7,NA,17,15,32,36,29,52,20,14,12,25,7,4,11,52,30,31,19,11,13,25,7,23,17,12
2025-03-08,Robert Morris,Bellarmine,Away,W,10,13,NA,10,6,16,44,22,23,17,2,11,25,13,7,20,36,24,23,19,7,14,25,13,11,10,12
2025-03-12,Robert Morris,Penn St.,Away,L,8,22,NA,8,7,15,28,19,34,19,8,14,34,22,15,37,49,34,42,17,10,20,34,22,12,8,11
2025-03-15,Robert Morris,Detroit Mercy,Away,W,19,4,NA,19,15,34,45,34,31,10,8,16,26,4,2,6,32,21,21,14,6,10,26,4,17,19,15
2025-03-22,Robert Morris,Wagner,Home,L,15,8,NA,15,11,26,41,28,36,15,7,17,27,8,7,15,25,14,25,20,7,10,27,8,6,15,13
2025-03-29,Robert Morris,Mercyhurst,Home,L,17,8,NA,17,12,29,49,36,49,14,14,26,29,8,5,13,31,15,23,17,9,3,29,8,7,17,19
2025-04-05,Robert Morris,LIU,Away,W,13,9,NA,13,11,24,37,21,27,19,6,17,26,9,5,14,41,26,24,15,5,9,26,9,17,13,8
2025-02-01,Rutgers,Lehigh,Away,W,10,6,NA,10,4,14,44,22,31,16,9,9,21,6,2,8,30,17,34,22,8,12,21,6,11,10,12
2025-02-04,Rutgers,LIU,Home,L,17,3,NA,17,11,28,48,26,38,13,10,15,23,3,1,4,30,14,28,17,5,8,23,3,11,17,9
2025-02-08,Rutgers,Stony Brook,Home,L,8,9,NA,8,5,13,30,21,26,17,9,9,21,9,3,12,43,21,33,16,6,12,21,9,12,8,13
2025-02-15,Rutgers,Army West Point,Away,W,3,9,NA,3,2,5,33,14,20,20,7,12,15,9,8,17,47,25,27,16,8,3,15,9,16,3,11
2025-02-22,Rutgers,Loyola Maryland,Home,L,10,5,NA,10,7,17,47,29,39,12,6,16,19,5,4,9,29,18,22,14,2,3,19,5,13,10,19
2025-03-01,Rutgers,Saint Joseph's,Home,W,5,11,NA,5,3,8,37,20,33,24,11,10,18,11,5,16,38,26,37,21,16,8,18,11,15,5,15
2025-03-08,Rutgers,Princeton,Away,L,5,11,NA,5,2,7,53,29,33,11,9,13,19,11,6,17,38,21,24,19,7,6,19,11,10,5,24
2025-03-11,Rutgers,St. John's (NY),Home,W,21,11,NA,21,15,36,48,34,45,12,10,21,36,11,4,15,33,24,22,16,3,15,36,11,13,21,13
2025-03-15,Rutgers,Massachusetts,Home,W,7,11,NA,7,4,11,35,20,32,17,8,11,20,11,5,16,40,25,22,12,6,9,20,11,14,7,13
2025-03-22,Rutgers,Johns Hopkins,Away,W,11,8,NA,11,7,18,31,20,25,12,4,10,23,8,5,13,34,18,27,15,5,13,23,8,10,11,9
2025-03-29,Rutgers,Ohio St.,Away,W,11,13,NA,11,4,15,47,30,46,22,11,16,28,13,7,20,40,19,39,21,10,12,28,13,6,11,19
2025-04-05,Rutgers,Maryland,Home,W,8,6,NA,8,4,12,28,15,17,17,6,7,17,6,5,11,40,20,31,12,8,10,17,6,14,8,7
2025-02-08,Sacred Heart,Saint Joseph's,Away,L,12,11,NA,12,9,21,34,19,33,20,9,17,26,11,5,16,44,26,29,14,11,9,26,11,15,12,7
2025-02-15,Sacred Heart,Holy Cross,Home,L,11,7,NA,11,7,18,32,22,31,25,6,13,22,7,3,10,30,17,26,21,6,9,22,7,10,11,11
2025-02-19,Sacred Heart,Fairfield,Away,W,12,13,2,12,7,19,43,20,37,24,13,16,30,13,6,19,55,27,33,14,13,14,30,13,14,12,8
2025-02-22,Sacred Heart,Stony Brook,Away,L,7,6,1,7,2,9,31,15,21,18,7,11,16,6,4,10,46,20,35,17,8,5,16,6,14,7,8
2025-03-01,Sacred Heart,Wagner,Home,L,20,6,NA,20,12,32,63,36,37,12,15,18,29,6,1,7,32,18,28,23,5,11,29,6,12,20,16
2025-03-08,Sacred Heart,Canisius,Away,L,8,10,NA,8,5,13,35,17,28,20,7,7,22,10,6,16,36,20,34,16,10,15,22,10,10,8,9
2025-03-15,Sacred Heart,Siena,Home,W,11,10,1,11,5,16,52,23,36,13,10,8,24,10,5,15,36,22,25,17,6,16,24,10,12,11,12
2025-03-22,Sacred Heart,Merrimack,Away,W,13,8,NA,13,9,22,46,25,29,16,8,10,25,8,3,11,47,21,27,22,5,15,25,8,13,13,12
2025-03-26,Sacred Heart,Iona,Away,L,16,1,NA,16,8,24,56,31,50,21,12,14,21,1,1,2,28,9,23,22,9,7,21,1,8,16,15
2025-03-29,Sacred Heart,Marist,Home,W,13,12,1,13,8,21,51,25,30,18,12,13,29,12,5,17,34,16,29,25,6,16,29,12,4,13,12
2025-04-05,Sacred Heart,Quinnipiac,Away,W,12,7,NA,12,8,20,49,30,33,11,7,10,23,7,5,12,37,19,30,16,9,13,23,7,12,12,18
2025-02-08,Saint Joseph's,Sacred Heart,Home,L,11,12,NA,11,5,16,44,26,29,14,11,9,26,12,9,21,34,19,33,20,9,17,26,12,7,11,15
2025-02-15,Saint Joseph's,Duke,Away,L,9,11,NA,9,5,14,25,20,29,22,9,10,24,11,7,18,32,16,34,18,13,14,24,11,5,9,11
2025-02-18,Saint Joseph's,Monmouth,Home,L,12,3,NA,12,5,17,41,28,33,18,13,10,19,3,1,4,28,18,19,20,6,9,19,3,15,12,16
2025-02-22,Saint Joseph's,Towson,Away,W,11,6,NA,11,5,16,31,16,30,15,4,11,21,6,3,9,50,23,32,13,7,10,21,6,17,11,5
2025-03-01,Saint Joseph's,Rutgers,Away,W,11,5,NA,11,5,16,38,26,37,21,16,8,18,5,3,8,37,20,33,24,11,10,18,5,15,11,15
2025-03-09,Saint Joseph's,Drexel,Away,L,17,11,NA,17,12,29,48,25,42,18,11,16,31,11,5,16,36,24,29,18,8,15,31,11,13,17,8
2025-03-15,Saint Joseph's,Villanova,Home,L,12,8,NA,12,10,22,38,21,35,16,14,7,23,8,5,13,41,26,31,21,9,16,23,8,18,12,9
2025-03-18,Saint Joseph's,Penn,Away,L,11,10,NA,11,6,17,27,23,24,17,9,12,25,10,8,18,33,15,20,21,9,13,25,10,5,11,12
2025-03-22,Saint Joseph's,Providence,Home,L,16,8,NA,16,9,25,44,26,31,13,11,13,28,8,6,14,30,18,25,19,4,15,28,8,10,16,10
2025-03-29,Saint Joseph's,Massachusetts,Home,L,10,11,NA,10,5,15,39,23,30,14,15,8,25,11,3,14,36,21,30,20,5,17,25,11,10,10,13
2025-04-05,Saint Joseph's,St. Bonaventure,Away,W,15,3,NA,15,11,26,51,33,33,17,6,15,21,3,0,3,28,15,20,16,9,6,21,3,12,15,18
2025-02-08,Siena,Boston U.,Home,L,7,9,NA,7,5,12,38,19,30,25,14,13,20,9,5,14,43,23,32,23,13,7,20,9,14,7,12
2025-02-14,Siena,Hofstra,Away,L,17,11,NA,17,11,28,41,29,38,16,7,19,30,11,10,21,48,26,30,16,2,11,30,11,15,17,12
2025-02-22,Siena,LIU,Away,W,12,13,NA,12,10,22,40,27,26,17,7,19,28,13,9,22,33,26,18,10,7,9,28,13,13,12,15
2025-03-03,Siena,Dartmouth,Away,W,13,16,NA,13,9,22,46,23,40,21,8,20,33,16,9,25,41,32,47,16,14,13,33,16,16,13,10
2025-03-05,Siena,Binghamton,Away,W,10,6,NA,10,3,13,43,25,26,15,8,14,20,6,2,8,39,17,17,14,6,6,20,6,11,10,15
2025-03-15,Siena,Sacred Heart,Away,W,10,11,1,10,5,15,36,22,25,17,6,16,24,11,5,16,52,23,36,13,10,8,24,11,12,10,12
2025-03-22,Siena,Iona,Home,W,18,12,NA,18,11,29,58,29,49,20,11,27,34,12,7,19,21,19,30,17,11,7,34,12,7,18,11
2025-03-26,Siena,Merrimack,Away,W,16,8,NA,16,13,29,45,36,38,12,9,17,27,8,7,15,36,24,28,15,5,10,27,8,16,16,20
2025-03-29,Siena,Mount St. Mary's,Home,L,12,8,NA,12,8,20,43,27,31,11,3,19,23,8,5,13,30,16,25,13,4,4,23,8,8,12,15
2025-04-05,Siena,Manhattan,Away,W,12,8,NA,12,10,22,44,22,31,15,11,14,24,8,6,14,31,20,24,17,7,10,24,8,12,12,10
2025-02-02,St. Bonaventure,VMI,Home,W,7,18,NA,7,4,11,33,20,24,21,4,13,27,18,11,29,54,30,32,12,8,14,27,18,12,7,13
2025-02-08,St. Bonaventure,Bucknell,Home,W,8,21,NA,8,5,13,33,20,24,21,5,15,32,21,9,30,59,38,33,10,12,17,32,21,17,8,12
2025-02-11,St. Bonaventure,Mount St. Mary's,Away,L,9,8,1,9,7,16,40,22,48,25,10,14,21,8,6,14,34,17,35,18,11,7,21,8,9,9,13
2025-02-18,St. Bonaventure,Robert Morris,Away,W,7,8,NA,7,3,10,41,20,26,17,4,7,17,8,5,13,35,19,27,18,5,10,17,8,11,7,13
2025-02-25,St. Bonaventure,Mercyhurst,Home,L,11,9,NA,11,10,21,46,23,36,21,10,16,24,9,4,13,35,15,20,23,9,8,24,9,6,11,12
2025-03-01,St. Bonaventure,Le Moyne,Away,L,9,10,NA,9,5,14,37,21,20,14,3,10,23,10,2,12,32,17,25,20,5,13,23,10,7,9,12
2025-03-06,St. Bonaventure,Mercer,Home,W,9,5,NA,9,1,10,34,17,26,21,13,7,17,5,1,6,30,16,25,22,7,10,17,5,11,9,8
2025-03-08,St. Bonaventure,Cleveland St.,Home,W,8,6,NA,8,4,12,40,19,26,15,10,7,17,6,2,8,28,16,26,21,9,10,17,6,10,8,11
2025-03-11,St. Bonaventure,Canisius,Away,L,7,6,NA,7,6,13,34,19,25,16,3,7,15,6,3,9,27,15,31,18,8,8,15,6,9,7,12
2025-03-15,St. Bonaventure,Bellarmine,Away,W,5,9,NA,5,3,8,34,21,29,21,7,9,17,9,8,17,32,23,25,18,7,8,17,9,14,5,16
2025-03-25,St. Bonaventure,Binghamton,Home,L,5,6,1,5,4,9,36,22,28,20,9,10,15,6,1,7,50,26,27,16,9,5,15,6,20,5,17
2025-03-29,St. Bonaventure,Richmond,Away,L,5,22,NA,5,4,9,21,13,28,25,3,16,28,22,13,35,68,33,40,12,17,12,28,22,11,5,8
2025-04-05,St. Bonaventure,Saint Joseph's,Home,W,3,15,NA,3,0,3,28,15,20,16,9,6,21,15,11,26,51,33,33,17,6,15,21,15,18,3,12
2025-02-08,St. John's (NY),NJIT,Away,L,15,14,NA,15,14,29,36,23,27,17,7,12,31,14,8,22,48,28,31,19,4,19,31,14,14,15,8
2025-02-15,St. John's (NY),Delaware,Away,W,10,17,NA,10,7,17,36,18,28,18,9,10,29,17,5,22,50,30,33,17,7,19,29,17,13,10,8
2025-02-18,St. John's (NY),Quinnipiac,Home,L,15,9,NA,15,8,23,47,31,38,18,8,13,25,9,4,13,31,17,25,17,6,12,25,9,8,15,16
2025-02-22,St. John's (NY),Hofstra,Home,L,12,13,1,12,5,17,37,24,39,24,13,13,29,13,5,18,36,28,36,22,11,16,29,13,15,12,12
2025-02-28,St. John's (NY),Jacksonville,Home,L,10,11,1,10,4,14,42,21,29,20,13,9,25,11,7,18,46,27,37,22,15,16,25,11,16,10,11
2025-03-04,St. John's (NY),Fairfield,Home,W,8,20,NA,8,6,14,36,15,31,25,11,11,30,20,12,32,68,40,45,15,11,19,30,20,20,8,7
2025-03-08,St. John's (NY),Bryant,Away,W,6,9,NA,6,4,10,43,21,34,15,5,9,18,9,4,13,34,19,34,18,10,9,18,9,10,6,15
2025-03-11,St. John's (NY),Rutgers,Away,W,11,21,NA,11,4,15,33,24,22,16,3,15,36,21,15,36,48,34,45,12,10,21,36,21,13,11,13
2025-03-15,St. John's (NY),Mercer,Home,W,20,16,NA,20,13,33,46,34,45,21,4,24,37,16,8,24,50,32,31,15,9,13,37,16,16,20,14
2025-03-22,St. John's (NY),Hobart Ridgefield HS,Away,L,13,11,NA,13,8,21,45,29,34,7,11,7,28,11,6,17,46,27,35,15,1,21,28,11,16,13,16
2025-03-29,St. John's (NY),Marquette,Away,L,8,13,NA,8,4,12,37,17,24,19,4,13,25,13,6,19,50,25,33,17,9,12,25,13,12,8,9
2025-04-05,St. John's (NY),Denver,Home,W,7,14,NA,7,5,12,37,19,27,23,6,10,24,14,7,21,37,25,38,16,11,14,24,14,11,7,12
2025-02-08,Stony Brook,Rutgers,Away,L,9,8,NA,9,3,12,43,21,33,16,6,12,21,8,5,13,30,21,26,17,9,9,21,8,13,9,12
2025-02-14,Stony Brook,North Carolina,Away,W,4,9,NA,4,2,6,19,15,22,19,3,4,17,9,5,14,41,26,33,16,11,13,17,9,17,4,11
2025-02-16,Stony Brook,Queens (NC),Away,W,12,6,NA,12,4,16,50,23,29,17,8,12,21,6,5,11,37,19,28,17,7,9,21,6,13,12,11
2025-02-22,Stony Brook,Sacred Heart,Home,L,6,7,1,6,4,10,46,20,35,17,8,5,16,7,2,9,31,15,21,18,7,11,16,7,8,6,14
2025-02-25,Stony Brook,Iona,Home,L,11,7,NA,11,6,17,40,24,42,18,8,16,22,7,2,9,29,18,22,21,7,6,22,7,11,11,13
2025-03-01,Stony Brook,Manhattan,Away,W,12,7,NA,12,10,22,36,27,27,17,13,15,23,7,1,8,31,20,16,14,15,8,23,7,13,12,15
2025-03-08,Stony Brook,Binghamton,Home,L,10,12,NA,10,6,16,40,19,29,16,4,9,24,12,7,19,44,30,39,18,6,15,24,12,18,10,9
2025-03-15,Stony Brook,Hofstra,Away,W,12,13,2,12,2,14,38,21,26,14,1,19,30,13,5,18,47,24,26,9,9,11,30,13,11,12,9
2025-03-22,Stony Brook,Towson,Away,W,12,13,1,12,4,16,35,21,30,18,6,18,28,13,7,20,47,29,38,13,8,10,28,13,16,12,9
2025-03-29,Stony Brook,Fairfield,Home,W,17,16,NA,17,6,23,35,24,41,20,6,18,37,16,8,24,55,36,51,16,14,19,37,16,20,17,7
2025-04-05,Stony Brook,Delaware,Away,L,9,17,NA,9,3,12,41,24,29,18,7,15,28,17,10,27,49,34,28,10,9,13,28,17,17,9,15
2025-02-01,Syracuse,Jacksonville,Home,L,24,5,NA,24,13,37,58,39,42,9,12,20,33,5,4,9,30,16,23,22,1,13,33,5,11,24,15
2025-02-07,Syracuse,Vermont,Home,L,13,5,NA,13,9,22,48,31,35,13,12,9,21,5,2,7,28,17,25,22,7,12,21,5,12,13,18
2025-02-10,Syracuse,Towson,Home,L,18,7,NA,18,11,29,45,29,34,10,8,18,29,7,4,11,38,16,21,16,4,11,29,7,9,18,11
2025-02-15,Syracuse,Maryland,Away,L,7,11,NA,7,3,10,41,19,23,13,7,11,22,11,5,16,32,23,22,12,7,11,22,11,12,7,12
2025-02-22,Syracuse,Harvard,Home,L,14,15,NA,14,10,24,50,27,40,15,9,28,32,15,9,24,40,24,24,15,3,4,32,15,9,14,13
2025-03-01,Syracuse,Utah,Away,W,15,5,NA,15,8,23,40,24,37,18,14,15,24,5,1,6,34,16,25,23,10,9,24,5,11,15,9
2025-03-09,Syracuse,Johns Hopkins,Home,W,13,10,NA,13,9,22,46,19,32,11,7,13,26,10,5,15,35,22,20,15,5,13,26,10,12,13,6
2025-03-18,Syracuse,Manhattan,Home,L,18,2,NA,18,10,28,71,44,50,11,10,21,23,2,0,2,18,9,20,20,3,2,23,2,7,18,26
2025-03-22,Syracuse,Colgate,Home,W,16,12,NA,16,11,27,49,26,37,15,6,18,31,12,8,20,49,30,32,15,7,13,31,12,18,16,10
2025-03-29,Syracuse,Virginia,Away,L,12,10,NA,12,6,18,52,28,31,8,10,9,25,10,6,16,43,27,37,13,5,16,25,10,17,12,16
2025-04-05,Syracuse,Notre Dame,Home,L,14,9,NA,14,9,23,43,25,32,16,7,16,25,9,7,16,33,19,25,16,6,9,25,9,10,14,11
2025-02-04,Towson,Johns Hopkins,Home,L,10,11,NA,10,7,17,33,20,28,21,4,10,24,11,6,17,37,22,32,18,10,14,24,11,11,10,10
2025-02-10,Towson,Syracuse,Away,L,7,18,NA,7,4,11,38,16,21,16,4,11,29,18,11,29,45,29,34,10,8,18,29,18,11,7,9
2025-02-16,Towson,Navy,Away,W,10,14,NA,10,6,16,46,23,25,15,5,12,28,14,6,20,42,23,37,17,5,16,28,14,9,10,13
2025-02-22,Towson,Saint Joseph's,Home,W,6,11,NA,6,3,9,50,23,32,13,7,10,21,11,5,16,31,16,30,15,4,11,21,11,5,6,17
2025-02-28,Towson,UMBC,Away,L,17,10,NA,17,10,27,33,20,36,17,7,15,31,10,6,16,34,18,27,19,10,16,31,10,8,17,3
2025-03-08,Towson,"Virginia Houston, TX",Away,L,6,11,NA,6,3,9,45,21,35,22,10,12,20,11,7,18,41,22,32,16,14,8,20,11,11,6,15
2025-03-15,Towson,Delaware,Home,W,19,18,1,19,9,28,51,36,32,11,7,17,39,18,15,33,46,33,43,12,6,22,39,18,15,19,17
2025-03-22,Towson,Stony Brook,Home,W,13,12,1,13,7,20,47,29,38,13,8,10,28,12,4,16,35,21,30,18,6,18,28,12,9,13,16
2025-03-29,Towson,Drexel,Away,W,12,8,NA,12,7,19,41,22,39,11,8,15,24,8,5,13,31,16,26,15,4,9,24,8,8,12,10
2025-04-05,Towson,Monmouth,Away,L,12,10,NA,12,8,20,47,23,33,19,7,19,26,10,4,14,40,17,19,12,7,7,26,10,7,12,11
2025-04-08,Towson,Loyola Maryland,Home,W,13,12,2,13,10,23,40,30,49,25,15,19,29,12,7,19,34,20,38,28,11,10,29,12,8,13,17
2025-02-14,UAlbany,Colgate,Home,L,14,19,NA,14,10,24,43,23,32,19,11,16,36,19,12,31,62,30,52,14,10,20,36,19,11,14,9
2025-02-18,UAlbany,Penn,Away,L,8,14,NA,8,4,12,26,16,23,18,4,14,26,14,12,26,34,21,27,15,8,12,26,14,7,8,8
2025-02-22,UAlbany,Drexel,Home,L,16,9,NA,16,9,25,48,19,42,16,7,14,26,9,8,17,33,20,29,15,3,12,26,9,11,16,3
2025-03-01,UAlbany,Massachusetts,Home,W,9,10,NA,9,3,12,39,22,29,17,8,10,22,10,6,16,39,23,33,17,9,12,22,10,13,9,13
2025-03-05,UAlbany,Georgetown,Home,W,7,12,NA,7,4,11,37,21,31,18,5,11,23,12,7,19,38,23,43,15,9,12,23,12,11,7,14
2025-03-08,UAlbany,Hobart,Away,L,17,12,NA,17,12,29,49,37,22,9,5,9,32,12,7,19,44,22,31,16,2,23,32,12,10,17,20
2025-03-15,UAlbany,Bryant,Away,W,11,12,NA,11,6,17,38,21,28,14,10,3,26,12,7,19,44,25,40,17,10,23,26,12,13,11,10
2025-03-18,UAlbany,Virginia,Away,L,9,12,NA,9,4,13,39,23,30,16,6,13,24,12,7,19,39,29,31,14,10,11,24,12,17,9,14
2025-03-22,UAlbany,UMBC,Home,L,12,13,1,12,6,18,29,21,37,19,7,11,29,13,7,20,40,21,31,16,8,18,29,13,8,12,9
2025-03-29,UAlbany,UMass Lowell,Home,L,17,6,NA,17,8,25,51,25,41,10,10,16,26,6,2,8,32,15,27,17,3,10,26,6,9,17,8
2025-04-01,UAlbany,Cornell,Away,W,11,18,NA,11,6,17,31,17,28,17,6,10,32,18,12,30,47,29,38,17,7,22,32,18,11,11,6
2025-04-05,UAlbany,Binghamton,Away,W,11,9,NA,11,4,15,36,21,21,18,7,12,23,9,6,15,44,19,22,13,9,11,23,9,10,11,10
2022-03-26,UMBC,Binghamton,Away,L,8,12,NA,8,6,14,27,18,21,19,6,18,24,12,4,16,38,22,25,18,8,6,24,12,10,8,10
2025-02-15,UMBC,Drexel,Away,L,9,6,NA,9,5,14,30,16,22,20,7,10,19,6,5,11,33,16,24,20,11,9,19,6,10,9,7
2025-02-19,UMBC,Mount St. Mary's,Home,L,12,6,NA,12,4,16,41,23,23,15,6,19,22,6,2,8,31,16,14,10,6,3,22,6,10,12,11
2025-02-28,UMBC,Towson,Home,L,10,17,NA,10,6,16,34,18,27,19,10,16,31,17,10,27,33,20,36,17,7,15,31,17,3,10,8
2025-03-08,UMBC,Richmond,Away,L,8,14,NA,8,5,13,25,13,25,25,5,12,26,14,9,23,43,22,30,17,9,14,26,14,8,8,5
2025-03-15,UMBC,Vermont,Home,L,10,7,NA,10,7,17,44,23,28,11,11,5,21,7,4,11,36,16,31,21,4,16,21,7,9,10,13
2025-03-22,UMBC,UAlbany,Away,L,13,12,1,13,7,20,40,21,31,16,8,18,29,12,6,18,29,21,37,19,7,11,29,12,9,13,8
2025-03-29,UMBC,Bryant,Away,L,7,12,NA,7,1,8,42,17,29,13,7,12,22,12,6,18,31,18,33,14,8,10,22,12,6,7,10
2025-04-04,UMBC,UMass Lowell,Home,L,14,4,NA,14,7,21,51,29,33,13,11,9,21,4,4,8,28,17,23,22,4,12,21,4,13,14,15
2025-02-07,UMass Lowell,Merrimack,Home,L,14,9,NA,14,8,22,47,33,36,13,11,14,26,9,5,14,37,24,23,17,4,12,26,9,15,14,19
2025-02-11,UMass Lowell,Holy Cross,Away,L,9,14,NA,9,5,14,21,13,31,24,7,15,26,14,7,21,44,31,39,17,12,11,26,14,17,9,4
2025-02-14,UMass Lowell,Mercyhurst,Home,L,15,7,NA,15,7,22,42,32,37,17,8,20,24,7,2,9,25,15,19,16,7,4,24,7,8,15,17
2025-02-22,UMass Lowell,Wagner,Away,L,13,12,NA,13,5,18,42,21,24,21,6,17,29,12,2,14,37,24,25,16,10,12,29,12,12,13,8
2025-03-02,UMass Lowell,"Queens (NC) Towson, Md.",Away,W,11,12,1,11,6,17,34,18,34,22,5,11,25,12,5,17,49,29,41,17,9,14,25,12,17,11,7
2025-03-08,UMass Lowell,Fairfield,Away,L,5,19,NA,5,2,7,30,17,27,21,5,15,28,19,13,32,43,26,30,12,16,13,28,19,7,5,12
2025-03-14,UMass Lowell,Binghamton,Home,L,12,14,NA,12,7,19,30,22,24,15,2,13,30,14,3,17,45,23,30,12,5,17,30,14,9,12,10
2025-03-18,UMass Lowell,Massachusetts,Home,W,9,10,NA,9,2,11,37,18,23,17,6,13,23,10,3,13,40,23,22,11,7,10,23,10,13,9,9
2025-03-29,UMass Lowell,UAlbany,Away,L,6,17,NA,6,2,8,32,15,27,17,3,10,26,17,8,25,51,25,41,10,10,16,26,17,8,6,9
2025-04-04,UMass Lowell,UMBC,Away,L,4,14,NA,4,4,8,28,17,23,22,4,12,21,14,7,21,51,29,33,13,11,9,21,14,15,4,13
2025-02-01,Utah,Ohio St.,Away,L,19,13,NA,19,8,27,43,34,44,17,9,23,34,13,9,22,39,25,31,14,10,11,34,13,12,19,15
2025-02-08,Utah,Delaware,Home,L,12,13,NA,12,6,18,47,27,30,16,9,10,27,13,9,22,39,24,28,20,10,17,27,13,11,12,15
2025-02-15,Utah,Denver,Away,L,8,10,NA,8,4,12,41,24,31,21,5,12,21,10,5,15,39,24,29,17,11,9,21,10,14,8,16
2025-02-21,Utah,"Vermont Hooksett, NH",Away,W,10,11,NA,10,6,16,36,21,17,12,9,5,24,11,9,20,30,17,27,20,5,19,24,11,6,10,11
2025-03-01,Utah,Syracuse,Home,W,5,15,NA,5,1,6,34,16,25,23,10,9,24,15,8,23,40,24,37,18,14,15,24,15,9,5,11
2025-03-08,Utah,Dartmouth,Away,L,9,11,NA,9,8,17,45,25,41,15,7,12,24,11,7,18,47,24,37,13,10,12,24,11,13,9,16
2025-03-15,Utah,Marquette,Home,L,11,12,1,11,6,17,43,27,23,7,6,9,26,12,6,18,48,29,27,13,2,17,26,12,17,11,16
2025-03-22,Utah,Virginia,Away,L,9,14,NA,9,4,13,43,24,43,23,8,17,27,14,8,22,46,28,40,17,12,10,27,14,14,9,15
2025-03-29,Utah,Bellarmine,Away,W,11,9,NA,11,7,18,56,33,34,13,11,16,24,9,3,12,40,21,23,20,8,8,24,9,12,11,22
2025-04-05,Utah,Mercer,Home,W,16,10,NA,16,9,25,59,34,48,15,13,15,26,10,7,17,39,24,26,22,5,11,26,10,14,16,18
2025-02-02,VMI,St. Bonaventure,Away,W,18,7,NA,18,11,29,54,30,32,12,8,14,27,7,4,11,33,20,24,21,4,13,27,7,13,18,12
2025-02-08,VMI,High Point,Home,L,11,12,1,11,5,16,29,21,21,13,8,9,27,12,6,18,47,32,30,13,6,18,27,12,20,11,10
2025-02-15,VMI,Mercer,Away,L,14,11,NA,14,6,20,35,25,16,18,10,7,29,11,6,17,52,33,35,19,10,22,29,11,22,14,11
2025-02-18,VMI,Hampton,Home,L,28,4,NA,28,16,44,73,44,46,14,14,28,35,4,2,6,30,11,17,23,3,7,35,4,7,28,16
2025-02-22,VMI,Iona,Away,W,19,4,NA,19,13,32,48,30,35,16,11,11,25,4,2,6,34,18,35,27,8,14,25,4,14,19,11
2025-03-04,VMI,Queens (NC),Home,L,20,7,NA,20,10,30,47,32,26,12,10,13,30,7,2,9,37,20,24,21,5,17,30,7,13,20,12
2025-03-08,VMI,Monmouth,Away,L,11,10,NA,11,7,18,35,20,24,19,6,12,24,10,5,15,37,27,36,16,9,12,24,10,17,11,9
2025-03-15,VMI,Le Moyne,Home,W,9,10,NA,9,7,16,42,19,22,11,7,9,20,10,6,16,34,19,21,18,4,11,20,10,9,9,10
2025-03-22,VMI,Mercyhurst,Home,W,18,12,NA,18,8,26,59,35,42,15,5,22,34,12,6,18,36,26,25,9,6,12,34,12,14,18,17
2025-03-29,VMI,Cleveland St.,Away,W,11,9,NA,11,5,16,42,26,34,11,8,7,24,9,4,13,39,24,34,16,5,17,24,9,15,11,15
2025-04-05,VMI,Detroit Mercy,Home,W,9,10,1,9,5,14,53,22,24,16,11,9,23,10,6,16,47,29,28,18,9,14,23,10,19,9,13
2025-02-07,Vermont,Syracuse,Away,L,5,13,NA,5,2,7,28,17,25,22,7,12,21,13,9,22,48,31,35,13,12,9,21,13,18,5,12
2025-02-15,Vermont,Manhattan,Home,L,12,6,NA,12,6,18,45,31,38,25,13,18,22,6,5,11,21,13,18,23,8,4,22,6,7,12,19
2025-02-21,Vermont,"Utah Hooksett, NH",Away,L,11,10,NA,11,9,20,30,17,27,20,5,19,24,10,6,16,36,21,17,12,9,5,24,10,11,11,6
2025-02-28,Vermont,Dartmouth,Away,L,9,14,NA,9,6,15,34,17,43,22,9,12,26,14,8,22,54,32,39,14,14,14,26,14,18,9,8
2025-03-08,Vermont,Massachusetts,Home,W,7,11,NA,7,3,10,30,15,26,20,7,16,21,11,6,17,33,15,21,13,13,5,21,11,4,7,8
2025-03-15,Vermont,UMBC,Away,L,7,10,NA,7,4,11,36,16,31,21,4,16,21,10,7,17,44,23,28,11,11,5,21,10,13,7,9
2025-03-22,Vermont,Bryant,Home,W,16,12,NA,16,9,25,35,24,34,19,10,20,30,12,10,22,33,21,36,18,11,10,30,12,9,16,8
2025-03-29,Vermont,NJIT,Away,W,19,8,NA,19,16,35,49,28,36,17,11,18,31,8,5,13,48,21,30,18,10,13,31,8,13,19,9
2025-04-05,Vermont,Princeton,Away,L,5,10,NA,5,5,10,29,16,34,15,6,11,18,10,7,17,49,30,36,12,7,7,18,10,20,5,11
2025-02-09,Villanova,Penn St.,Home,W,5,15,NA,5,3,8,34,15,25,20,14,13,24,15,6,21,34,20,27,19,9,11,24,15,5,5,10
2025-02-15,Villanova,Yale,Home,W,13,11,NA,13,5,18,46,24,29,15,10,12,26,11,7,18,39,21,31,21,9,14,26,11,10,13,11
2025-02-22,Villanova,Colgate,Home,W,5,16,NA,5,1,6,42,23,31,33,11,15,24,16,9,25,50,31,51,24,26,9,24,16,15,5,18
2025-02-28,Villanova,Lehigh,Home,W,7,10,NA,7,4,11,35,23,22,19,5,11,20,10,7,17,39,18,23,15,13,9,20,10,8,7,16
2025-03-04,Villanova,Drexel,Home,W,9,6,NA,9,4,13,31,19,25,19,7,9,18,6,3,9,38,17,34,20,11,9,18,6,11,9,10
2025-03-08,Villanova,Penn,Away,L,8,11,NA,8,4,12,36,22,36,21,9,15,23,11,7,18,31,20,21,17,7,8,23,11,9,8,14
2025-03-15,Villanova,Saint Joseph's,Away,L,8,12,NA,8,5,13,41,26,31,21,9,16,23,12,10,22,38,21,35,16,14,7,23,12,9,8,18
2025-03-17,Villanova,Brown,Home,L,16,9,NA,16,4,20,39,27,36,22,8,18,28,9,8,17,47,28,29,15,11,10,28,9,19,16,11
2025-03-29,Villanova,Denver,Away,W,10,9,1,10,6,16,52,25,39,18,8,17,23,9,7,16,32,17,25,18,11,6,23,9,8,10,15
2025-04-05,Villanova,Providence,Away,W,11,8,NA,11,5,16,41,22,32,18,15,11,22,8,5,13,33,18,25,23,8,11,22,8,10,11,11
2025-02-08,Virginia,Colgate,Home,L,19,9,NA,19,14,33,69,36,57,20,14,20,32,9,5,14,46,21,32,25,9,12,32,9,12,19,17
2025-02-15,Virginia,Richmond,Home,L,10,13,NA,10,5,15,35,24,35,19,7,13,25,13,10,23,45,26,37,19,11,12,25,13,13,10,14
2025-02-18,Virginia,High Point,Home,L,17,8,NA,17,11,28,44,30,40,13,14,15,28,8,6,14,28,15,27,23,6,13,28,8,7,17,13
2025-02-22,Virginia,Ohio St.,Away,L,5,14,NA,5,4,9,39,17,34,21,4,14,20,14,7,21,38,21,38,14,9,6,20,14,7,5,12
2025-03-01,Virginia,Johns Hopkins,Away,W,12,13,NA,12,9,21,36,22,27,18,7,13,29,13,8,21,30,21,18,15,7,16,29,13,8,12,10
2025-03-08,Virginia,"Towson Houston, TX",Away,W,11,6,NA,11,7,18,41,22,32,16,14,8,20,6,3,9,45,21,35,22,10,12,20,6,15,11,11
2025-03-15,Virginia,Maryland,Home,W,6,12,NA,6,2,8,36,19,32,9,10,9,22,12,5,17,30,19,22,20,3,13,22,12,7,6,13
2025-03-18,Virginia,UAlbany,Home,L,12,9,NA,12,7,19,39,29,31,14,10,11,24,9,4,13,39,23,30,16,6,13,24,9,14,12,17
2025-03-22,Virginia,Utah,Home,L,14,9,NA,14,8,22,46,28,40,17,12,10,27,9,4,13,43,24,43,23,8,17,27,9,15,14,14
2025-03-29,Virginia,Syracuse,Home,L,10,12,NA,10,6,16,43,27,37,13,5,16,25,12,6,18,52,28,31,8,10,9,25,12,16,10,17
2025-04-05,Virginia,North Carolina,Away,L,9,18,NA,9,3,12,32,18,31,14,7,11,30,18,7,25,51,26,36,12,5,19,30,18,8,9,9
2025-02-01,Wagner,Manhattan,Home,W,3,14,NA,3,2,5,49,16,29,14,7,12,20,14,5,19,35,21,28,9,10,8,20,14,7,3,13
2025-02-07,Wagner,Hofstra,Away,L,5,17,NA,5,1,6,29,18,22,19,2,15,26,17,8,25,60,32,36,12,7,11,26,17,15,5,13
2025-02-15,Wagner,Mount St. Mary's,Home,W,9,15,NA,9,5,14,36,23,30,12,11,17,28,15,7,22,36,23,18,14,8,11,28,15,8,9,14
2025-02-22,Wagner,UMass Lowell,Home,L,12,13,NA,12,2,14,37,24,25,16,10,12,29,13,5,18,42,21,24,21,6,17,29,13,8,12,12
2025-02-25,Wagner,Monmouth,Home,W,7,16,NA,7,1,8,26,16,21,15,4,11,26,16,8,24,45,29,29,14,9,15,26,16,13,7,9
2025-03-01,Wagner,Sacred Heart,Away,L,6,20,NA,6,1,7,32,18,28,23,5,11,29,20,12,32,63,36,37,12,15,18,29,20,16,6,12
2025-03-08,Wagner,NJIT,Away,W,11,12,NA,11,5,16,33,21,21,18,4,13,26,12,7,19,50,28,31,15,7,13,26,12,16,11,10
2025-03-15,Wagner,Cleveland St.,Home,W,8,14,NA,8,5,13,27,18,30,16,8,16,25,14,9,23,34,24,30,17,10,9,25,14,10,8,10
2025-03-22,Wagner,Robert Morris,Away,L,8,15,NA,8,7,15,25,14,25,20,7,10,27,15,11,26,41,28,36,15,7,17,27,15,13,8,6
2025-03-28,Wagner,LIU,Home,W,12,11,1,12,6,18,39,26,25,12,4,12,26,11,8,19,37,29,24,13,3,14,26,11,18,12,14
2025-04-05,Wagner,Le Moyne,Away,W,4,9,NA,4,2,6,33,18,30,13,9,7,17,9,6,15,26,15,24,19,5,10,17,9,6,4,14
2025-02-15,Yale,Villanova,Away,W,11,13,NA,11,7,18,39,21,31,21,9,14,26,13,5,18,46,24,29,15,10,12,26,13,11,11,10
2025-02-19,Yale,Army West Point,Home,W,3,14,NA,3,1,4,33,19,25,18,6,9,21,14,6,20,42,26,33,17,11,12,21,14,12,3,16
2025-03-01,Yale,Penn St.,Home,W,9,15,NA,9,4,13,48,27,23,11,6,9,27,15,11,26,42,27,32,13,7,18,27,15,12,9,18
2025-03-08,Yale,Denver,Home,W,15,10,NA,15,6,21,46,32,37,19,9,23,28,10,7,17,39,21,23,17,9,5,28,10,11,15,17
2025-03-15,Yale,Harvard,Away,W,11,14,NA,11,5,16,41,19,27,22,3,19,29,14,7,21,49,24,39,14,14,10,29,14,10,11,8
2025-03-22,Yale,Cornell,Home,L,14,19,NA,14,9,23,45,27,32,13,3,17,35,19,14,33,51,33,26,9,9,18,35,19,14,14,13
2025-03-29,Yale,Brown,Home,W,15,12,NA,15,8,23,52,26,39,17,6,15,29,12,4,16,47,24,26,15,10,14,29,12,12,15,11
2025-04-05,Yale,Penn,Away,L,14,11,NA,14,5,19,37,25,22,12,6,11,28,11,7,18,45,24,25,14,7,17,28,11,13,14,11
