Date,Team,Opponent,Home / Away,Result,Score,Visitor Score,Overtime,Goals,Assists,Points,Shots,Shots on Goal,Ground Balls,Turnovers,Caused Turnovers,Defensive Goals,Defensive Assists,Defensive Points,Defensive Shots,Defensive Shots on Goal,Defensive Groundball's,Defensive  Turnovers,Defensive  Caused Turnovers,Goals Allowed,Saves,Defensive Goals Allowed,Defensive Saves
2023-02-04,Air Force,Ohio St.,Away,L,7,15,NA,7,3,10,26,15,23,10,9,15,8,23,36,22,35,17,6,15,7,7,8
2023-02-11,Air Force,Denver,Home,W,12,10,NA,12,5,17,36,18,24,13,6,10,8,18,35,27,24,14,4,10,17,12,6
2023-02-18,Air Force,Colgate,Home,W,11,10,NA,11,5,16,40,23,24,18,10,10,4,14,38,27,34,18,9,10,17,11,12
2023-02-24,Air Force,Stony Brook,Away,L,8,15,NA,8,4,12,28,17,30,20,5,15,10,25,42,24,35,12,6,15,9,8,9
2023-03-04,Air Force,Mercer,Away,W,14,8,NA,14,7,21,44,23,25,14,7,8,4,12,50,18,27,13,6,8,10,14,9
2023-03-11,Air Force,Bryant,Home,L,11,6,NA,11,8,19,37,24,29,21,10,6,3,9,31,18,29,20,10,6,12,11,13
2023-03-18,Air Force,Queens (NC),Away,W,18,6,NA,18,7,25,39,25,38,20,10,6,3,9,21,11,34,28,11,6,5,18,7
2023-03-20,Air Force,Duke,Away,L,6,18,NA,6,3,9,35,12,21,22,4,18,10,28,52,31,43,16,8,18,13,6,6
2023-03-25,Air Force,Lindenwood,Home,L,15,6,NA,15,10,25,41,29,22,22,10,6,2,8,33,18,28,22,11,6,12,15,14
2023-03-29,Air Force,Utah,Home,L,11,18,NA,11,6,17,49,18,28,13,9,18,7,25,54,33,39,17,8,18,15,11,7
2023-04-01,Air Force,Cleveland St.,Away,W,12,9,NA,12,6,18,31,20,37,19,6,9,6,15,34,17,27,12,5,9,8,12,8
2023-04-08,Air Force,Bellarmine,Away,W,10,11,NA,10,6,16,44,24,24,10,4,11,7,18,38,25,19,13,6,11,14,10,14
2023-04-15,Air Force,Detroit Mercy,Home,L,22,7,NA,22,10,32,58,38,37,12,10,7,4,11,30,18,22,17,4,7,11,22,16
2023-04-22,Air Force,Jacksonville,Away,L,15,11,NA,15,7,22,32,27,26,20,10,11,5,16,29,22,36,23,13,11,11,15,12
2023-04-29,Air Force,Robert Morris,Home,L,13,5,NA,13,7,20,53,28,31,12,15,5,2,7,23,13,25,21,9,5,8,13,15
2023-05-05,Air Force,"Robert Morris Moon Township, Pa.",Away,W,12,4,NA,12,6,18,46,27,19,14,3,4,1,5,34,23,25,13,6,4,19,12,15
2023-05-07,Air Force,"Utah Moon Township, Pa.",Away,L,9,11,NA,9,4,13,44,18,23,19,9,11,3,14,42,22,33,20,10,11,11,9,9
2023-02-11,Army West Point,Massachusetts,Away,L,8,10,NA,8,4,12,46,27,27,19,11,10,4,14,30,19,24,19,9,10,9,8,19
2023-02-18,Army West Point,Rutgers,Home,W,14,13,NA,14,6,20,40,25,31,15,7,13,3,16,35,24,27,13,2,13,11,14,11
2023-02-21,Army West Point,Wagner,Home,L,20,6,NA,20,12,32,51,37,50,19,9,6,4,10,27,13,20,22,9,6,7,20,17
2023-02-25,Army West Point,Mercer,Away,W,16,5,NA,16,12,28,47,31,33,11,5,5,3,8,24,13,25,15,6,5,8,16,15
2023-03-05,Army West Point,Holy Cross,Away,W,13,6,NA,13,9,22,55,31,35,18,10,6,3,9,30,14,19,23,5,6,8,13,18
2023-03-10,Army West Point,Lafayette,Home,L,17,9,NA,17,5,22,43,26,31,14,9,9,3,12,38,22,28,16,5,9,13,17,9
2023-03-18,Army West Point,Lehigh,Away,L,12,10,NA,12,5,17,37,25,43,13,10,10,6,16,26,16,27,19,9,10,6,12,13
2023-03-25,Army West Point,Loyola Maryland,Home,L,10,5,NA,10,8,18,39,22,38,21,11,5,3,8,32,16,27,19,12,5,11,10,12
2023-04-01,Army West Point,Bucknell,Home,L,12,7,NA,12,7,19,43,27,39,19,7,7,4,11,45,19,29,17,8,7,12,12,15
2023-04-08,Army West Point,Colgate,Away,W,10,9,NA,10,7,17,45,24,28,12,7,9,0,9,31,19,25,13,4,9,10,10,14
2023-04-15,Army West Point,Cornell,Home,L,10,11,NA,10,4,14,44,22,26,11,8,11,9,20,35,23,20,13,5,11,12,10,12
2023-04-22,Army West Point,Navy,Away,W,11,6,NA,11,4,15,39,26,38,14,7,6,4,10,34,16,26,14,7,6,10,11,15
2023-04-28,Army West Point,Boston U.,Home,L,11,12,NA,11,6,17,34,21,41,19,8,12,7,19,50,29,33,17,12,12,17,11,10
2023-05-05,Army West Point,"Lehigh Boston, Mass.",Away,L,19,13,NA,19,6,25,42,23,39,19,7,13,7,20,43,27,35,16,11,13,14,19,4
2023-05-07,Army West Point,"Loyola Maryland Boston, Mass.",Away,W,10,8,NA,10,7,17,37,21,39,20,6,8,5,13,43,22,32,8,15,8,14,10,11
2023-05-13,Army West Point,Maryland,Away,L,16,15,NA,16,8,24,32,21,36,17,2,15,8,23,47,31,32,7,7,15,16,16,5
2023-05-21,Army West Point,"Penn St. Annapolis, Md.",Away,L,9,10,NA,9,2,11,43,20,39,17,8,10,5,15,27,18,37,18,6,10,8,9,11
2023-02-04,Bellarmine,Duke,Away,L,7,19,NA,7,3,10,29,17,27,27,6,19,10,29,57,41,40,17,12,19,22,7,10
2023-02-11,Bellarmine,St. Bonaventure,Home,W,14,10,NA,14,6,20,51,25,35,15,17,10,5,15,30,16,30,21,8,10,6,14,11
2023-02-18,Bellarmine,Canisius,Away,W,14,4,NA,14,5,19,39,24,28,12,6,4,3,7,27,13,28,17,4,4,9,14,10
2023-02-26,Bellarmine,Marist,Away,L,13,10,NA,13,9,22,47,27,37,13,8,10,6,16,43,20,36,12,6,10,10,13,14
2023-03-04,Bellarmine,VMI,Home,L,17,6,NA,17,9,26,50,30,31,11,10,6,1,7,33,18,20,19,5,6,12,17,13
2023-03-11,Bellarmine,Marquette,Away,L,11,10,NA,11,9,20,34,20,25,17,7,10,3,13,34,17,25,17,7,10,7,11,9
2023-03-18,Bellarmine,Utah,Away,L,8,15,NA,8,6,14,41,22,32,17,6,15,7,22,55,28,41,15,9,15,13,8,14
2023-03-25,Bellarmine,Queens (NC),Home,W,24,12,NA,24,13,37,53,38,34,21,10,12,7,19,32,22,28,25,11,12,10,24,14
2023-03-29,Bellarmine,Mercer,Home,L,12,15,NA,12,9,21,42,26,21,9,6,15,10,25,44,27,31,12,5,15,12,12,14
2023-04-01,Bellarmine,Lindenwood,Away,W,18,7,NA,18,9,27,48,28,46,20,10,7,3,10,26,14,31,24,7,7,7,18,10
2023-04-08,Bellarmine,Air Force,Home,W,11,10,NA,11,7,18,38,25,19,13,6,10,6,16,44,24,24,10,4,10,14,11,14
2023-04-12,Bellarmine,Robert Morris,Away,W,13,21,NA,13,6,19,37,21,21,13,4,21,16,37,59,41,40,11,8,21,20,13,8
2023-04-16,Bellarmine,Cleveland St.,Away,W,13,8,NA,13,6,19,38,23,34,13,9,8,6,14,41,25,29,19,5,8,17,13,10
2023-04-22,Bellarmine,Detroit Mercy,Away,W,18,3,NA,18,11,29,42,32,38,13,6,3,2,5,27,10,32,17,8,3,7,18,14
2023-04-29,Bellarmine,Jacksonville,Home,L,12,13,NA,12,7,19,39,21,26,18,5,13,8,21,43,25,29,16,9,13,12,12,9
2023-05-02,Bellarmine,"Mercer Moon Township, PA",Away,L,14,13,NA,14,7,21,40,21,31,13,8,13,7,20,40,25,30,14,10,13,12,14,7
2023-05-05,Bellarmine,"Utah Moon Township, Pa.",Away,W,14,17,NA,14,6,20,33,23,21,18,5,17,9,26,54,30,40,11,6,17,13,14,9
2023-02-11,Binghamton,Marist,Away,L,18,11,NA,18,10,28,48,28,45,18,11,11,5,16,42,25,32,15,12,11,14,18,10
2023-02-18,Binghamton,St. Bonaventure,Away,L,12,11,1,12,4,16,42,23,33,14,10,11,5,16,40,28,31,18,5,11,17,12,11
2023-02-25,Binghamton,Lafayette,Home,W,4,10,NA,4,3,7,35,14,24,19,5,10,8,18,35,26,36,14,11,10,16,4,10
2023-03-04,Binghamton,St. John's (NY),Home,W,13,12,NA,13,8,21,38,26,31,18,5,12,8,20,42,22,30,14,10,12,10,13,13
2023-03-07,Binghamton,Lehigh,Away,W,13,14,NA,13,7,20,37,27,30,15,10,14,4,18,35,26,48,20,11,14,12,13,14
2023-03-11,Binghamton,Fairfield,Away,W,14,9,NA,14,6,20,48,28,37,17,7,9,4,13,37,20,25,12,11,9,11,14,14
2023-03-18,Binghamton,Merrimack,Away,W,14,7,NA,14,8,22,49,34,36,18,6,7,4,11,37,20,32,19,5,7,13,14,20
2023-03-25,Binghamton,NJIT,Home,W,17,16,NA,17,9,26,47,28,37,15,8,16,11,27,42,33,27,16,11,16,17,17,11
2023-04-01,Binghamton,UMass Lowell,Away,L,21,10,NA,21,13,34,49,32,29,17,5,10,5,15,38,23,25,15,8,10,13,21,11
2023-04-08,Binghamton,Vermont,Home,W,9,11,NA,9,3,12,37,20,22,15,5,11,4,15,44,31,36,16,5,11,20,9,11
2023-04-15,Binghamton,UMBC,Away,L,16,13,NA,16,8,24,40,23,25,20,3,13,4,17,53,31,34,16,6,13,18,16,7
2023-04-22,Binghamton,Bryant,Away,W,10,14,NA,10,8,18,50,30,39,14,7,14,6,20,38,25,40,16,7,14,11,10,20
2023-04-29,Binghamton,UAlbany,Home,W,15,14,NA,15,6,21,38,22,31,24,6,14,11,25,48,29,32,14,13,14,15,15,7
2023-05-04,Binghamton,"Bryant Burlington, Vt.",Away,W,11,12,NA,11,6,17,38,22,25,16,12,12,5,17,40,21,33,19,12,12,9,11,11
2023-02-11,Boston U.,Vermont,Away,W,12,14,NA,12,5,17,48,28,38,16,12,14,13,27,33,26,34,21,8,14,12,12,16
2023-02-18,Boston U.,Bryant,Away,L,16,15,1,16,9,25,50,34,47,16,17,15,10,25,37,26,40,20,6,15,11,16,18
2023-02-25,Boston U.,Massachusetts,Away,W,12,6,NA,12,10,22,48,24,37,17,11,6,6,12,26,13,24,19,11,6,7,12,12
2023-03-04,Boston U.,Colgate,Home,L,14,8,NA,14,8,22,39,25,32,18,9,8,8,16,38,16,41,18,8,8,8,14,11
2023-03-11,Boston U.,Bucknell,Away,L,14,12,NA,14,14,28,47,28,42,13,7,12,10,22,38,19,26,21,9,12,7,14,14
2023-03-18,Boston U.,Holy Cross,Home,L,23,9,NA,23,15,38,52,39,44,20,14,9,7,16,33,17,41,24,7,9,8,23,16
2023-03-21,Boston U.,Harvard,Home,W,15,11,NA,15,9,24,39,26,41,24,16,11,8,19,42,24,43,23,15,11,13,15,11
2023-03-25,Boston U.,Lafayette,Away,L,12,10,NA,12,6,18,39,22,24,17,11,10,8,18,35,17,33,22,6,10,7,12,10
2023-03-31,Boston U.,Navy,Away,L,8,10,NA,8,6,14,42,19,29,17,6,10,8,18,41,28,44,13,7,10,18,8,11
2023-04-04,Boston U.,Yale,Away,W,14,17,NA,14,9,23,48,27,35,18,11,17,12,29,50,27,38,19,8,17,10,14,13
2023-04-15,Boston U.,Loyola Maryland,Home,L,16,9,NA,16,10,26,43,28,40,15,10,9,7,16,32,17,33,20,9,9,8,16,12
2023-04-22,Boston U.,Lehigh,Home,W,14,11,NA,14,12,26,40,23,34,20,20,11,9,20,39,28,38,22,12,11,17,14,9
2023-04-28,Boston U.,Army West Point,Away,L,12,11,NA,12,7,19,50,29,33,17,12,11,6,17,34,21,41,19,8,11,10,12,17
2023-05-05,Boston U.,Loyola Maryland,Home,L,11,12,NA,11,6,17,47,31,29,11,13,12,10,22,37,24,27,19,8,12,12,11,20
2023-02-18,Brown,Quinnipiac,Home,L,10,11,NA,10,8,18,48,31,30,14,10,11,7,18,39,23,26,22,4,11,12,10,21
2023-02-21,Brown,Providence,Home,L,13,7,NA,13,8,21,49,29,28,15,4,7,6,13,32,16,11,15,3,7,9,13,16
2023-02-26,Brown,Vermont,Away,L,22,12,NA,22,16,38,48,35,30,10,4,12,6,18,50,28,32,10,4,12,16,22,13
2023-03-04,Brown,Stony Brook,Away,L,17,12,NA,17,10,27,44,28,32,15,5,12,8,20,45,22,33,13,6,12,10,17,11
2023-03-11,Brown,North Carolina,Away,L,6,19,NA,6,0,6,42,16,33,19,4,19,13,32,53,34,37,16,13,19,15,6,10
2023-03-18,Brown,Harvard,Home,L,15,16,1,15,3,18,35,22,31,20,6,16,13,29,55,32,31,9,10,16,16,15,7
2023-03-25,Brown,Massachusetts,Away,L,9,10,NA,9,6,15,32,18,28,23,13,10,6,16,41,26,32,21,12,10,16,9,9
2023-03-27,Brown,Villanova,Away,L,13,11,NA,13,7,20,37,21,31,26,5,11,8,19,48,33,33,14,11,11,22,13,8
2023-04-01,Brown,Princeton,Away,W,12,16,NA,12,6,18,61,25,38,17,9,16,11,27,45,27,37,14,13,16,11,12,13
2023-04-08,Brown,Penn,Home,W,12,11,NA,12,8,20,41,24,32,8,7,11,8,19,41,23,32,14,6,11,12,12,12
2023-04-15,Brown,Yale,Away,W,10,16,NA,10,4,14,52,26,47,21,6,16,7,23,48,30,29,9,7,16,14,10,16
2023-04-22,Brown,Cornell,Home,W,9,16,NA,9,6,15,41,17,27,21,7,16,8,24,44,25,29,17,10,16,9,9,8
2023-04-25,Brown,Bryant,Away,W,12,17,NA,12,8,20,37,21,24,19,4,17,9,26,42,29,34,19,2,17,12,12,9
2023-04-29,Brown,Dartmouth,Away,L,13,11,NA,13,9,22,40,24,40,23,10,11,7,18,44,19,37,21,15,11,8,13,11
2023-02-11,Bryant,Providence,Home,W,15,14,NA,15,10,25,52,33,40,17,7,14,7,21,31,23,19,16,9,14,9,15,18
2023-02-18,Bryant,Boston U.,Home,L,15,16,1,15,10,25,37,26,40,20,6,16,9,25,50,34,47,16,17,16,18,15,11
2023-02-25,Bryant,Quinnipiac,Away,L,19,12,NA,19,6,25,50,37,39,11,9,12,6,18,43,27,35,22,6,12,15,19,18
2023-03-04,Bryant,Manhattan,Home,W,15,12,NA,15,9,24,46,26,28,8,7,12,5,17,37,16,31,16,4,12,4,15,11
2023-03-07,Bryant,Fairfield,Away,L,14,12,NA,14,10,24,30,21,29,23,8,12,4,16,37,25,40,15,13,12,13,14,7
2023-03-11,Bryant,Air Force,Away,L,6,11,NA,6,3,9,31,18,29,20,10,11,8,19,37,24,29,21,10,11,13,6,12
2023-03-18,Bryant,UMBC,Home,W,17,13,NA,17,7,24,49,28,46,13,12,13,8,21,37,19,27,15,7,13,6,17,11
2023-03-25,Bryant,UMass Lowell,Away,W,20,4,NA,20,9,29,59,39,47,15,13,4,2,6,21,10,17,27,3,4,6,20,19
2023-04-01,Bryant,NJIT,Away,W,16,8,NA,16,7,23,51,34,42,17,17,8,7,15,37,25,25,27,8,8,17,16,18
2023-04-08,Bryant,UAlbany,Home,W,20,16,NA,20,11,31,46,30,34,18,2,16,7,23,44,28,32,22,4,16,12,20,10
2023-04-15,Bryant,Vermont,Away,W,12,13,NA,12,6,18,53,23,39,18,7,13,8,21,40,22,28,16,13,13,9,12,11
2023-04-22,Bryant,Binghamton,Home,W,14,10,NA,14,6,20,38,25,40,16,7,10,8,18,50,30,39,14,7,10,20,14,11
2023-04-25,Bryant,Brown,Home,W,17,12,NA,17,9,26,42,29,34,19,2,12,8,20,37,21,24,19,4,12,9,17,12
2023-04-29,Bryant,Merrimack,Away,L,9,12,NA,9,6,15,30,21,38,23,5,12,7,19,41,24,40,22,12,12,12,9,12
2023-05-04,Bryant,"Binghamton Burlington, Vt.",Away,L,12,11,NA,12,5,17,40,21,33,19,12,11,6,17,38,22,25,16,12,11,11,12,9
2023-05-06,Bryant,"UAlbany Burlington, Vt.",Away,L,12,11,2,12,6,18,42,22,41,16,10,11,8,19,46,23,31,15,8,11,12,12,10
2023-05-14,Bryant,Johns Hopkins,Away,L,8,22,NA,8,5,13,36,22,34,19,11,22,16,38,53,35,47,12,10,22,13,8,14
2023-02-04,Bucknell,Mercer,Home,L,20,6,NA,20,14,34,46,30,36,22,19,6,5,11,24,15,35,30,12,6,9,20,10
2023-02-11,Bucknell,Robert Morris,Home,W,9,12,NA,9,9,18,37,25,34,15,14,12,6,18,35,17,37,22,8,12,5,9,16
2023-02-18,Bucknell,Richmond,Away,L,5,18,NA,5,3,8,31,16,26,14,11,18,14,32,43,25,35,16,10,18,7,5,11
2023-02-25,Bucknell,Harvard,Away,L,8,13,NA,8,5,13,33,25,29,25,12,13,5,18,54,27,30,24,12,13,14,8,17
2023-03-04,Bucknell,Marist,Home,L,11,14,NA,11,5,16,44,20,27,21,14,14,7,21,39,24,34,24,12,14,10,11,9
2023-03-11,Bucknell,Boston U.,Home,L,12,14,NA,12,10,22,38,19,26,21,9,14,14,28,47,28,42,13,7,14,14,12,7
2023-03-18,Bucknell,Loyola Maryland,Home,L,13,14,NA,13,5,18,43,27,34,20,12,14,11,25,40,26,40,18,9,14,12,13,14
2023-03-25,Bucknell,Colgate,Away,L,14,10,NA,14,8,22,42,27,31,17,11,10,6,16,40,23,37,20,12,10,13,14,13
2023-04-01,Bucknell,Army West Point,Away,L,7,12,NA,7,4,11,45,19,29,17,8,12,7,19,43,27,39,19,7,12,15,7,12
2023-04-08,Bucknell,Lehigh,Home,W,8,11,NA,8,5,13,37,22,25,13,13,11,9,20,39,24,45,20,9,11,13,8,14
2023-04-15,Bucknell,Holy Cross,Away,L,18,12,NA,18,9,27,63,42,35,17,9,12,9,21,30,25,30,19,6,12,13,18,24
2023-04-21,Bucknell,Lafayette,Away,W,13,14,1,13,9,22,45,26,30,10,9,14,12,26,39,24,32,20,3,14,10,13,13
2023-04-28,Bucknell,Navy,Home,W,9,12,NA,9,5,14,37,23,25,15,8,12,7,19,49,23,41,22,10,12,11,9,14
2023-02-11,Canisius,Hobart,Away,W,14,20,NA,14,4,18,43,27,35,17,2,20,9,29,68,36,40,14,7,20,16,14,13
2023-02-18,Canisius,Bellarmine,Home,W,4,14,NA,4,3,7,27,13,28,17,4,14,5,19,39,24,28,12,6,14,10,4,9
2023-02-21,Canisius,Michigan,Away,L,8,19,NA,8,5,13,34,14,21,14,4,19,11,30,49,35,32,9,10,19,16,8,6
2023-02-26,Canisius,Robert Morris,Home,W,8,13,NA,8,3,11,34,18,38,25,6,13,9,22,47,29,36,18,6,13,16,8,10
2023-03-04,Canisius,Cleveland St.,Away,W,12,18,NA,12,4,16,26,19,34,11,5,18,11,29,37,22,41,20,7,18,4,12,7
2023-03-11,Canisius,Quinnipiac,Away,W,12,13,NA,12,6,18,34,24,26,10,2,13,7,20,48,29,31,8,6,13,16,12,12
2023-03-14,Canisius,St. Bonaventure,Home,L,13,5,NA,13,7,20,52,26,37,19,10,5,2,7,36,19,26,21,7,5,14,13,13
2023-03-18,Canisius,Marist,Home,W,18,16,NA,18,6,24,51,29,44,13,4,16,6,22,45,31,37,9,3,16,15,18,11
2023-03-25,Canisius,Manhattan,Away,L,9,14,NA,9,5,14,30,16,14,10,4,14,8,22,40,27,28,13,7,14,13,9,7
2023-03-29,Canisius,Siena,Home,W,9,10,1,9,4,13,42,29,41,24,5,10,3,13,49,25,34,19,8,10,15,9,20
2023-04-01,Canisius,VMI,Home,L,10,11,1,10,3,13,37,24,40,15,7,11,6,17,38,19,42,17,9,11,8,10,14
2023-04-08,Canisius,LIU,Away,L,9,13,NA,9,3,12,37,23,22,17,6,13,7,20,50,27,30,13,12,13,14,9,14
2023-04-12,Canisius,Mount St. Mary's,Away,W,13,15,NA,13,7,20,39,25,34,23,9,15,8,23,44,26,42,15,17,15,11,13,12
2023-04-15,Canisius,Wagner,Home,W,8,10,NA,8,8,16,32,18,24,19,6,10,3,13,48,24,29,17,7,10,14,8,10
2023-04-22,Canisius,Sacred Heart,Away,L,8,15,NA,8,4,12,36,18,24,17,9,15,11,26,53,26,30,16,5,15,11,8,10
2023-02-11,Cleveland St.,Ohio St.,Away,W,12,19,NA,12,5,17,31,19,26,18,4,19,8,27,42,28,41,13,6,19,9,12,7
2023-02-19,Cleveland St.,Notre Dame,Away,L,8,18,NA,8,4,12,34,17,27,21,4,18,13,31,48,34,47,13,12,18,16,8,9
2023-03-04,Cleveland St.,Canisius,Home,W,18,12,NA,18,11,29,37,22,41,20,7,12,4,16,26,19,34,11,5,12,7,18,4
2023-03-11,Cleveland St.,St. Bonaventure,Away,W,13,6,NA,13,7,20,35,25,22,18,9,6,4,10,35,21,30,19,8,6,15,13,12
2023-03-18,Cleveland St.,Lindenwood,Home,W,14,12,NA,14,7,21,39,33,46,21,11,12,6,18,43,30,59,21,12,12,18,14,19
2023-03-25,Cleveland St.,Robert Morris,Away,L,6,11,NA,6,5,11,38,22,21,21,8,11,10,21,38,23,39,19,9,11,12,6,16
2023-03-29,Cleveland St.,Jacksonville,Home,L,12,14,NA,12,7,19,29,23,23,16,2,14,6,20,50,33,40,9,8,14,19,12,11
2023-04-01,Cleveland St.,Air Force,Home,W,9,12,NA,9,6,15,34,17,27,12,5,12,6,18,31,20,37,19,6,12,8,9,8
2023-04-08,Cleveland St.,Mercer,Away,W,11,8,NA,11,7,18,34,18,23,17,4,8,7,15,30,20,33,15,9,8,12,11,7
2023-04-12,Cleveland St.,Queens (NC),Away,L,13,12,NA,13,6,19,36,27,28,14,9,12,7,19,33,22,25,19,6,12,10,13,14
2023-04-16,Cleveland St.,Bellarmine,Home,W,8,13,NA,8,6,14,41,25,29,19,5,13,6,19,38,23,34,13,9,13,10,8,17
2023-04-22,Cleveland St.,Utah,Away,W,12,19,NA,12,5,17,40,22,23,17,2,19,12,31,61,35,40,11,10,19,16,12,10
2023-04-29,Cleveland St.,Detroit Mercy,Home,W,14,12,NA,14,9,23,38,26,34,20,6,12,4,16,45,25,38,14,7,12,13,14,12
2023-02-18,Colgate,Air Force,Away,W,10,11,NA,10,4,14,38,27,34,18,9,11,5,16,40,23,24,18,10,11,12,10,17
2023-02-25,Colgate,Hobart,Home,W,8,10,NA,8,4,12,48,25,26,18,9,10,5,15,37,18,20,20,6,10,8,8,17
2023-03-04,Colgate,Boston U.,Away,L,8,14,NA,8,8,16,38,16,41,18,8,14,8,22,39,25,32,18,9,14,11,8,8
2023-03-11,Colgate,Navy,Home,L,17,8,NA,17,7,24,39,21,24,16,7,8,4,12,49,29,26,16,5,8,21,17,4
2023-03-18,Colgate,Lafayette,Away,L,9,10,1,9,4,13,41,20,22,11,7,10,6,16,34,23,14,14,6,10,13,9,11
2023-03-25,Colgate,Bucknell,Home,L,10,14,NA,10,6,16,40,23,37,20,12,14,8,22,42,27,31,17,11,14,13,10,13
2023-04-01,Colgate,Harvard,Home,L,10,14,NA,10,5,15,37,21,26,18,9,14,11,25,43,24,35,16,5,14,10,10,11
2023-04-08,Colgate,Army West Point,Home,W,9,10,NA,9,0,9,31,19,25,13,4,10,7,17,45,24,28,12,7,10,14,9,10
2023-04-15,Colgate,Lehigh,Away,L,8,15,NA,8,7,15,32,23,31,19,14,15,11,26,40,25,35,22,14,15,10,8,15
2023-04-22,Colgate,Loyola Maryland,Away,W,11,17,NA,11,7,18,33,20,29,19,6,17,9,26,43,25,37,10,13,17,8,11,9
2023-04-28,Colgate,Holy Cross,Home,L,22,9,NA,22,10,32,45,28,41,15,6,9,4,13,46,24,32,16,7,9,15,22,6
2023-02-18,Cornell,UAlbany,Away,L,12,10,NA,12,3,15,39,17,38,19,8,10,5,15,46,21,28,14,9,10,11,12,5
2023-02-25,Cornell,Lehigh,Home,L,12,5,NA,12,8,20,48,26,39,20,19,5,1,6,27,9,27,32,8,5,4,12,14
2023-02-28,Cornell,Hobart,Away,W,17,8,NA,17,11,28,41,27,44,18,5,8,2,10,39,24,20,12,9,8,16,17,10
2023-03-04,Cornell,Ohio St.,Away,L,16,13,NA,16,8,24,60,31,36,12,14,13,7,20,39,21,32,21,5,13,8,16,15
2023-03-11,Cornell,Penn St.,Home,W,6,10,NA,6,2,8,41,22,34,16,4,10,8,18,51,31,26,12,8,10,21,6,16
2023-03-18,Cornell,Yale,Away,L,20,10,NA,20,11,31,40,31,34,20,11,10,1,11,47,31,32,14,14,10,21,20,11
2023-03-26,Cornell,Penn,Home,W,18,12,NA,18,8,26,41,26,37,16,5,12,4,16,32,24,31,11,7,12,12,18,8
2023-04-01,Cornell,Dartmouth,Home,W,22,11,NA,22,10,32,44,33,42,14,11,11,5,16,39,22,19,18,9,11,11,22,11
2023-04-08,Cornell,Harvard,Away,L,8,10,NA,8,2,10,39,24,43,19,5,10,4,14,47,24,34,12,8,10,14,8,16
2023-04-11,Cornell,Marquette,Home,W,21,11,NA,21,12,33,50,31,39,11,11,11,6,17,41,24,33,16,6,11,13,21,10
2023-04-15,Cornell,Army West Point,Away,L,11,10,NA,11,9,20,35,23,20,13,5,10,4,14,44,22,26,11,8,10,12,11,12
2023-04-22,Cornell,Brown,Away,W,16,9,NA,16,8,24,44,25,29,17,10,9,6,15,41,17,27,21,7,9,8,16,9
2023-04-29,Cornell,Princeton,Home,W,14,13,1,14,7,21,50,28,49,17,11,13,7,20,43,25,29,14,11,13,12,14,14
2023-05-05,Cornell,Yale Robert K Kraft Field,Away,W,15,22,NA,15,9,24,47,34,37,8,14,22,13,35,55,29,37,18,5,22,7,15,19
2023-05-14,Cornell,Michigan,Home,L,14,15,1,14,3,17,46,30,29,10,8,15,6,21,41,26,28,13,7,15,11,14,16
2023-02-18,Dartmouth,Merrimack,Away,L,11,10,NA,11,7,18,33,19,46,27,11,10,4,14,26,20,34,20,13,10,10,11,8
2023-02-25,Dartmouth,Holy Cross,Away,W,17,6,NA,17,10,27,63,41,34,17,13,6,4,10,24,13,22,31,5,6,7,17,24
2023-03-04,Dartmouth,Siena,Home,L,11,8,NA,11,4,15,37,24,37,21,9,8,6,14,26,17,27,17,14,8,9,11,13
2023-03-07,Dartmouth,Hobart,Away,L,20,16,NA,20,11,31,44,27,40,14,5,16,7,23,41,23,28,10,5,16,7,20,7
2023-03-19,Dartmouth,North Carolina,Away,L,7,25,NA,7,4,11,25,14,29,29,1,25,22,47,47,35,41,12,13,25,10,7,7
2023-03-21,Dartmouth,Hampton,Away,W,18,9,NA,18,10,28,54,32,38,22,18,9,3,12,30,18,30,28,13,9,9,18,14
2023-03-25,Dartmouth,Harvard,Home,L,10,9,1,10,5,15,37,17,34,27,7,9,5,14,41,21,33,19,12,9,12,10,7
2023-04-01,Dartmouth,Cornell,Away,W,11,22,NA,11,5,16,39,22,19,18,9,22,10,32,44,33,42,14,11,22,11,11,11
2023-04-08,Dartmouth,Yale,Away,W,11,21,NA,11,5,16,38,23,19,19,6,21,15,36,58,36,38,17,9,21,15,11,12
2023-04-15,Dartmouth,Princeton,Home,W,7,17,NA,7,4,11,34,23,34,15,6,17,13,30,52,37,36,11,9,17,20,7,16
2023-04-22,Dartmouth,Penn,Away,L,6,17,NA,6,5,11,30,21,29,19,9,17,12,29,45,25,25,14,9,17,8,6,15
2023-04-29,Dartmouth,Brown,Home,L,11,13,NA,11,7,18,44,19,37,21,15,13,9,22,40,24,40,23,10,13,11,11,8
2023-02-11,Delaware,Lafayette,Away,W,14,5,NA,14,6,20,55,28,28,7,2,5,1,6,38,17,25,11,6,5,12,14,14
2023-02-15,Delaware,Mount St. Mary's,Away,W,15,6,NA,15,11,26,44,31,34,22,14,6,2,8,23,11,36,27,16,6,5,15,16
2023-02-18,Delaware,St. John's (NY),Home,L,16,9,NA,16,10,26,50,31,39,18,11,9,4,13,38,19,25,18,13,9,10,16,15
2023-02-26,Delaware,Villanova,Home,L,12,13,NA,12,7,19,32,20,38,16,10,13,6,19,46,28,44,15,7,13,15,12,8
2023-03-04,Delaware,Michigan,Home,L,12,16,NA,12,8,20,44,24,30,13,7,16,8,24,38,23,26,14,7,16,7,12,12
2023-03-07,Delaware,UMBC,Home,W,17,11,NA,17,9,26,45,29,34,19,8,11,4,15,35,17,31,19,9,11,6,17,12
2023-03-11,Delaware,Monmouth,Home,L,18,6,NA,18,10,28,43,25,31,10,9,6,4,10,29,14,25,19,3,6,8,18,7
2023-03-19,Delaware,Johns Hopkins,Away,W,10,12,NA,10,6,16,26,16,23,18,9,12,8,20,48,31,49,16,9,12,19,10,6
2023-03-25,Delaware,Hofstra,Away,W,15,7,NA,15,8,23,47,24,29,15,13,7,1,8,34,17,29,22,5,7,10,15,9
2023-04-01,Delaware,Hampton,Home,W,19,1,NA,19,17,36,44,31,30,13,9,1,0,1,28,11,26,20,9,1,10,19,12
2023-04-08,Delaware,Fairfield,Home,L,17,7,NA,17,12,29,46,31,35,14,6,7,4,11,39,20,29,14,9,7,13,17,14
2023-04-15,Delaware,Stony Brook,Away,W,12,9,NA,12,4,16,43,27,30,10,11,9,5,14,43,19,33,21,4,9,10,12,15
2023-04-22,Delaware,Drexel,Home,W,18,13,NA,18,5,23,45,32,30,12,13,13,5,18,38,21,37,18,8,13,8,18,14
2023-04-29,Delaware,Towson,Away,W,10,15,NA,10,6,16,35,24,30,15,12,15,6,21,47,23,36,21,11,15,8,10,14
2023-05-04,Delaware,Towson,Home,L,11,8,NA,11,6,17,40,18,32,17,8,8,7,15,38,18,32,14,12,8,10,11,7
2023-05-06,Delaware,Stony Brook,Home,W,13,10,NA,13,6,19,44,27,27,9,11,10,5,15,41,24,25,16,4,10,14,13,14
2023-05-10,Delaware,Marist,Home,W,25,10,NA,25,13,38,64,37,40,6,9,10,5,15,25,19,27,16,3,10,9,25,12
2023-05-14,Delaware,Duke,Away,W,11,12,NA,11,4,15,30,22,19,14,4,12,7,19,45,27,40,16,12,12,15,11,11
2023-02-04,Denver,Utah,Home,L,12,4,NA,12,7,19,36,20,29,15,1,4,4,8,34,14,18,13,3,4,10,12,8
2023-02-11,Denver,Air Force,Away,W,10,12,NA,10,8,18,35,27,24,14,4,12,5,17,36,18,24,13,6,12,6,10,17
2023-02-17,Denver,Duke,Away,W,13,14,1,13,5,18,33,21,26,18,4,14,9,23,37,22,31,15,9,14,8,13,8
2023-02-25,Denver,Merrimack,Home,L,13,9,NA,13,6,19,58,35,31,14,7,9,7,16,26,18,22,17,7,9,9,13,22
2023-03-04,Denver,North Carolina,Away,L,9,8,NA,9,3,12,31,17,29,21,4,8,6,14,32,15,26,19,10,8,7,9,8
2023-03-11,Denver,Yale,Away,L,9,11,NA,9,4,13,35,22,23,19,6,11,6,17,39,22,22,15,9,11,11,9,13
2023-03-19,Denver,Ohio St.,Home,W,17,12,NA,17,10,27,38,28,30,13,7,12,7,19,37,20,26,15,5,12,8,17,11
2023-04-01,Denver,Georgetown,Away,L,6,13,NA,6,4,10,23,14,18,18,6,13,9,22,46,25,40,18,10,13,12,6,8
2023-04-08,Denver,Villanova,Home,L,12,6,NA,12,7,19,33,17,34,18,4,6,2,8,41,18,25,15,4,6,12,12,5
2023-04-13,Denver,Towson,Away,L,12,10,NA,12,9,21,32,19,28,12,8,10,3,13,39,20,30,14,8,10,10,12,7
2023-04-15,Denver,St. John's (NY),Away,L,12,10,NA,12,10,22,33,21,37,21,12,10,4,14,36,17,20,18,12,10,7,12,9
2023-04-21,Denver,Providence,Home,L,13,6,NA,13,12,25,32,20,34,14,8,6,4,10,23,11,27,19,7,6,5,13,7
2023-04-28,Denver,Marquette,Away,L,15,14,1,15,6,21,44,30,28,12,8,14,8,22,31,21,20,13,6,14,7,15,15
2023-05-04,Denver,"Villanova Milwaukee, Wis.",Away,W,16,9,NA,16,8,24,34,22,29,17,5,9,5,14,29,17,20,17,5,9,8,16,6
2023-05-06,Denver,"Georgetown Milwaukee, Wis.",Away,L,5,14,NA,5,1,6,34,17,21,17,2,14,10,24,35,22,27,12,7,14,8,5,12
2023-02-04,Detroit Mercy,VMI,Away,W,11,14,NA,11,7,18,36,21,21,20,15,14,10,24,53,29,36,18,14,14,15,11,10
2023-02-11,Detroit Mercy,High Point,Away,L,2,17,NA,2,0,2,27,12,17,23,10,17,7,24,71,34,38,16,14,17,17,2,10
2023-03-01,Detroit Mercy,Marquette,Home,W,5,10,NA,5,2,7,46,23,28,17,8,10,5,15,48,26,26,14,9,10,16,5,18
2023-03-14,Detroit Mercy,Ohio St.,Away,L,6,19,NA,6,3,9,26,10,26,18,5,19,11,30,52,31,31,15,9,19,12,6,4
2023-03-18,Detroit Mercy,Mercer,Away,W,12,16,NA,12,7,19,37,20,22,7,7,16,6,22,55,33,41,12,3,16,17,12,8
2023-03-25,Detroit Mercy,Utah,Home,L,11,24,NA,11,3,14,40,24,31,19,5,24,12,36,69,43,54,13,5,24,19,11,13
2023-03-29,Detroit Mercy,Robert Morris,Home,L,14,8,NA,14,5,19,47,27,33,11,9,8,7,15,30,16,29,21,5,8,8,14,13
2023-04-01,Detroit Mercy,Queens (NC),Away,W,5,9,NA,5,0,5,42,21,20,16,9,9,5,14,40,20,17,17,11,9,11,5,16
2023-04-08,Detroit Mercy,Lindenwood,Home,W,17,16,NA,17,9,26,38,22,20,8,7,16,8,24,46,29,32,11,3,16,13,17,5
2023-04-12,Detroit Mercy,Jacksonville,Away,L,7,17,NA,7,4,11,45,28,31,15,8,17,6,23,49,31,41,14,9,17,14,7,21
2023-04-15,Detroit Mercy,Air Force,Away,L,7,22,NA,7,4,11,30,18,22,17,4,22,10,32,58,38,37,12,10,22,16,7,11
2023-04-22,Detroit Mercy,Bellarmine,Home,W,3,18,NA,3,2,5,27,10,32,17,8,18,11,29,42,32,38,13,6,18,14,3,7
2023-04-29,Detroit Mercy,Cleveland St.,Away,W,12,14,NA,12,4,16,45,25,38,14,7,14,9,23,38,26,34,20,6,14,12,12,13
2023-02-18,Drexel,UMBC,Home,W,7,12,NA,7,5,12,34,18,20,18,7,12,7,19,38,22,27,12,10,12,10,7,11
2023-02-21,Drexel,Lafayette,Home,W,16,14,NA,16,9,25,44,27,41,15,10,14,7,21,37,21,22,15,7,14,7,16,11
2023-02-25,Drexel,UAlbany,Away,L,7,11,NA,7,5,12,31,13,18,23,6,11,3,14,36,19,25,18,9,11,8,7,6
2023-03-04,Drexel,Sacred Heart,Away,L,12,11,NA,12,7,19,39,29,23,13,8,11,7,18,38,27,25,16,7,11,16,12,17
2023-03-08,Drexel,"Villanova Philadelphia, Pa.",Away,L,7,14,NA,7,1,8,25,19,34,24,6,14,6,20,43,27,32,14,12,14,13,7,12
2023-03-11,Drexel,"Saint Joseph's Philadelphia, Pa.",Away,L,18,16,NA,18,9,27,33,25,33,18,6,16,5,21,57,32,44,15,7,16,16,18,7
2023-03-18,Drexel,Towson,Away,L,12,11,1,12,4,16,42,19,30,19,6,11,6,17,49,26,30,16,9,11,15,12,7
2023-03-25,Drexel,Hampton,Home,L,18,4,NA,18,12,30,50,35,42,17,11,4,3,7,35,15,26,26,9,4,11,18,17
2023-04-01,Drexel,Fairfield,Away,L,15,11,NA,15,5,20,42,27,40,20,5,11,7,18,46,26,29,12,16,11,15,15,12
2023-04-08,Drexel,Stony Brook,Home,W,15,14,1,15,12,27,35,21,32,21,7,14,8,22,57,25,33,10,10,14,11,15,6
2023-04-15,Drexel,Hofstra,Home,L,7,8,NA,7,2,9,35,21,23,18,3,8,3,11,32,18,18,18,12,8,10,7,14
2023-04-22,Drexel,Delaware,Away,W,13,18,NA,13,5,18,38,21,37,18,8,18,5,23,45,32,30,12,13,18,14,13,8
2023-04-28,Drexel,Monmouth,Home,L,16,7,NA,16,13,29,49,30,38,14,12,7,4,11,35,16,30,23,5,7,9,16,14
2023-05-04,Drexel,"Stony Brook Newark, Del.",Away,W,10,13,NA,10,8,18,46,25,30,16,8,13,9,22,42,23,23,16,9,13,10,10,15
2023-02-04,Duke,Bellarmine,Home,L,19,7,NA,19,10,29,57,41,40,17,12,7,3,10,29,17,27,27,6,7,10,19,22
2023-02-07,Duke,High Point,Home,L,20,8,NA,20,10,30,51,35,36,16,13,8,3,11,43,26,30,20,8,8,18,20,15
2023-02-11,Duke,Jacksonville,Away,W,12,13,NA,12,5,17,48,25,35,16,4,13,6,19,32,24,24,10,10,13,11,12,13
2023-02-17,Duke,Denver,Home,W,14,13,1,14,9,23,37,22,31,15,9,13,5,18,33,21,26,18,4,13,8,14,8
2023-02-25,Duke,Penn,Away,L,14,12,NA,14,8,22,37,24,30,13,5,12,9,21,56,31,31,10,2,12,19,14,10
2023-03-05,Duke,Syracuse,Away,L,14,13,1,14,5,19,66,36,44,14,7,13,8,21,32,24,27,12,8,13,11,14,22
2023-03-10,Duke,Loyola Maryland,Home,L,17,9,NA,17,11,28,46,32,32,12,4,9,3,12,36,18,17,15,7,9,9,17,15
2023-03-17,Duke,North Carolina,Home,L,15,8,NA,15,8,23,39,23,35,22,6,8,2,10,33,22,32,15,7,8,14,15,8
2023-03-20,Duke,Air Force,Home,L,18,6,NA,18,10,28,52,31,43,16,8,6,3,9,35,12,21,22,4,6,6,18,13
2023-03-25,Duke,Saint Joseph's,Away,W,12,9,NA,12,6,18,41,25,27,12,10,9,5,14,38,18,15,17,6,9,9,12,13
2023-03-31,Duke,Virginia,Away,L,16,14,NA,16,9,25,46,30,42,18,7,14,11,25,43,28,45,18,14,14,14,16,14
2023-04-08,Duke,Notre Dame,Away,W,12,17,NA,12,6,18,41,27,34,14,6,17,10,27,39,27,33,9,8,17,10,12,15
2023-04-15,Duke,Virginia,Home,W,15,14,NA,15,8,23,48,32,37,16,6,14,7,21,41,26,34,15,10,14,12,15,17
2023-04-29,Duke,Syracuse,Home,W,18,15,NA,18,10,28,39,28,31,13,5,15,8,23,45,27,23,10,7,15,12,18,10
2023-05-07,Duke,"Merrimack Bethpage, N.Y.",Away,W,14,2,NA,14,10,24,50,31,40,19,11,2,1,3,32,9,33,26,11,2,7,14,17
2023-05-14,Duke,Delaware,Home,W,12,11,NA,12,7,19,45,27,40,16,12,11,4,15,30,22,19,14,4,11,11,12,15
2023-05-20,Duke,"Michigan Albany, N.Y.",Away,W,15,8,NA,15,4,19,36,25,31,15,12,8,5,13,38,22,27,18,3,8,14,15,10
2023-05-27,Duke,"Penn St. Philadelphia, Pa.",Away,L,16,15,1,16,6,22,41,28,33,15,8,15,13,28,29,21,32,17,7,15,6,16,12
2023-05-29,Duke,"Notre Dame Philadelphia, Pa.",Away,L,9,13,NA,9,4,13,47,27,36,11,11,13,6,19,40,23,37,14,8,13,10,9,18
2023-02-11,Fairfield,Lehigh,Away,W,10,20,NA,10,5,15,34,23,28,20,5,20,15,35,50,35,40,14,11,20,15,10,13
2023-02-18,Fairfield,Wagner,Away,W,14,7,NA,14,5,19,41,28,37,21,9,7,4,11,34,15,17,20,9,7,8,14,14
2023-02-22,Fairfield,Sacred Heart,Home,L,17,5,NA,17,11,28,47,32,38,18,9,5,1,6,23,14,22,20,3,5,9,17,15
2023-02-26,Fairfield,Richmond,Away,L,8,10,NA,8,3,11,26,16,20,18,6,10,9,19,39,21,24,15,7,10,11,8,8
2023-03-04,Fairfield,Providence,Away,W,10,17,NA,10,4,14,34,15,30,21,4,17,8,25,47,33,30,13,4,17,16,10,5
2023-03-07,Fairfield,Bryant,Home,L,12,14,NA,12,4,16,37,25,40,15,13,14,10,24,30,21,29,23,8,14,7,12,13
2023-03-11,Fairfield,Binghamton,Home,W,9,14,NA,9,4,13,37,20,25,12,11,14,6,20,48,28,37,17,7,14,14,9,11
2023-03-18,Fairfield,Hofstra,Away,L,12,11,NA,12,7,19,47,23,31,14,5,11,8,19,43,18,20,13,4,11,7,12,11
2023-03-25,Fairfield,Towson,Away,L,7,11,NA,7,3,10,32,22,33,22,10,11,8,19,37,21,48,23,15,11,10,7,15
2023-04-01,Fairfield,Drexel,Home,L,11,15,NA,11,7,18,46,26,29,12,16,15,5,20,42,27,40,20,5,15,12,11,15
2023-04-08,Fairfield,Delaware,Away,L,7,17,NA,7,4,11,39,20,29,14,9,17,12,29,46,31,35,14,6,17,14,7,13
2023-04-15,Fairfield,Monmouth,Home,W,15,14,NA,15,8,23,47,24,33,17,11,14,7,21,44,28,31,18,6,14,14,15,9
2023-04-22,Fairfield,Stony Brook,Away,W,14,17,NA,14,6,20,47,29,48,13,7,17,9,26,50,30,35,14,5,17,13,14,15
2023-04-29,Fairfield,Hampton,Home,L,22,6,NA,22,16,38,50,36,40,19,16,6,2,8,33,18,30,25,7,6,12,22,14
2023-02-11,Georgetown,Johns Hopkins,Away,W,12,13,NA,12,4,16,47,28,35,12,5,13,8,21,40,26,28,13,4,13,13,12,16
2023-02-18,Georgetown,Penn,Home,L,7,9,NA,7,4,11,37,25,27,16,9,9,6,15,39,22,18,17,7,9,13,7,18
2023-02-25,Georgetown,Notre Dame,Home,W,8,15,NA,8,4,12,34,18,36,17,9,15,7,22,48,28,32,20,10,15,13,8,10
2023-03-04,Georgetown,Princeton,Away,L,13,10,NA,13,6,19,46,30,37,13,5,10,8,18,42,25,24,16,7,10,15,13,17
2023-03-11,Georgetown,Richmond,Home,W,13,12,NA,13,5,18,47,32,41,11,14,12,6,18,28,17,35,26,7,12,5,13,19
2023-03-18,Georgetown,High Point,Home,W,22,10,NA,22,14,36,52,34,48,16,15,10,7,17,33,19,33,24,6,10,9,22,12
2023-03-25,Georgetown,Lehigh,Home,W,17,15,NA,17,8,25,41,26,44,18,14,15,12,27,38,26,43,25,11,15,11,17,9
2023-04-01,Georgetown,Denver,Home,L,13,6,NA,13,9,22,46,25,40,18,10,6,4,10,23,14,18,18,6,6,8,13,12
2023-04-08,Georgetown,Providence,Home,W,13,11,NA,13,8,21,56,36,61,12,9,11,6,17,28,15,27,14,5,11,4,13,23
2023-04-15,Georgetown,Marquette,Away,L,15,14,1,15,11,26,43,30,27,10,5,14,7,21,41,21,30,16,2,14,7,15,15
2023-04-18,Georgetown,Loyola Maryland,Away,W,23,7,NA,23,12,35,46,33,42,14,8,7,3,10,33,17,24,17,8,7,10,23,10
2023-04-22,Georgetown,St. John's (NY),Away,L,18,12,NA,18,15,33,48,31,48,13,6,12,6,18,35,24,24,13,6,12,12,18,13
2023-04-28,Georgetown,Villanova,Home,L,12,8,NA,12,5,17,38,24,38,18,12,8,4,12,34,15,29,21,8,8,7,12,12
2023-05-04,Georgetown,"Providence Milwaukee, Wis.",Away,W,19,8,NA,19,13,32,40,27,36,16,4,8,1,9,40,24,24,14,9,8,16,19,8
2023-05-06,Georgetown,"Denver Milwaukee, Wis.",Away,W,14,5,NA,14,10,24,35,22,27,12,7,5,1,6,34,17,21,17,2,5,12,14,8
2023-05-13,Georgetown,Yale,Home,W,19,17,NA,19,10,29,50,31,34,15,11,17,5,22,42,27,29,12,4,17,10,19,12
2023-05-20,Georgetown,"Virginia Albany, N.Y.",Away,W,14,17,NA,14,6,20,48,28,36,12,3,17,11,28,40,28,39,11,12,17,11,14,14
2023-02-19,Hampton,Queens (NC),Home,L,10,17,NA,10,7,17,37,15,47,30,15,17,11,28,33,30,49,23,24,17,13,10,5
2023-02-21,Hampton,VMI,Away,W,10,20,NA,10,4,14,24,21,38,27,13,20,9,29,46,28,35,24,11,20,8,10,11
2023-02-26,Hampton,High Point,Away,L,9,27,NA,9,5,14,19,13,30,28,6,27,19,46,61,35,55,19,18,27,8,9,4
2023-03-01,Hampton,St. Andrews,Away,W,16,4,NA,16,9,25,53,32,17,15,10,4,2,6,18,9,10,16,8,4,5,16,16
2023-03-10,Hampton,Wabash,Home,L,16,4,NA,16,13,29,51,33,61,20,19,4,4,8,20,16,12,21,7,4,12,16,17
2023-03-14,Hampton,Lafayette,Home,W,9,18,NA,9,1,10,25,18,27,24,9,18,10,28,42,31,51,18,16,18,13,9,9
2023-03-18,Hampton,Stony Brook,Home,W,3,19,NA,3,1,4,14,12,12,26,4,19,11,30,61,37,35,10,11,19,18,3,9
2023-03-21,Hampton,Dartmouth,Home,W,9,18,NA,9,3,12,30,18,30,28,13,18,10,28,54,32,38,22,18,18,14,9,9
2023-03-25,Hampton,Drexel,Away,L,4,18,NA,4,3,7,35,15,26,26,9,18,12,30,50,35,42,17,11,18,17,4,11
2023-04-01,Hampton,Delaware,Away,W,1,19,NA,1,0,1,28,11,26,20,9,19,17,36,44,31,30,13,9,19,12,1,10
2023-04-08,Hampton,Monmouth,Home,W,6,14,NA,6,2,8,33,21,21,16,9,14,9,23,48,29,39,18,12,14,15,6,15
2023-04-15,Hampton,Towson,Away,W,1,20,NA,1,0,1,10,5,29,25,6,20,14,34,54,30,40,10,14,20,10,1,4
2023-04-22,Hampton,Hofstra,Home,W,4,15,NA,4,2,6,24,14,30,21,7,15,9,24,40,27,34,16,12,15,12,4,10
2023-04-29,Hampton,Fairfield,Away,L,6,22,NA,6,2,8,33,18,30,25,7,22,16,38,50,36,40,19,16,22,14,6,12
2023-02-18,Harvard,Virginia,Away,W,21,25,NA,21,16,37,49,34,39,13,11,25,17,42,47,34,45,17,5,25,9,21,13
2023-02-25,Harvard,Bucknell,Home,L,13,8,NA,13,5,18,54,27,30,24,12,8,5,13,33,25,29,25,12,8,17,13,14
2023-03-03,Harvard,Vermont,Home,L,12,5,NA,12,8,20,45,24,41,13,10,5,3,8,33,18,40,23,5,5,13,12,12
2023-03-11,Harvard,Michigan,Home,L,13,19,NA,13,5,18,45,30,35,13,9,19,10,29,43,30,45,23,7,19,11,13,17
2023-03-18,Harvard,Brown,Away,L,16,15,1,16,13,29,55,32,31,9,10,15,3,18,35,22,31,20,6,15,7,16,16
2023-03-21,Harvard,Boston U.,Away,W,11,15,NA,11,8,19,42,24,43,23,15,15,9,24,39,26,41,24,16,15,11,11,13
2023-03-25,Harvard,Dartmouth,Away,L,9,10,1,9,5,14,41,21,33,19,12,10,5,15,37,17,34,27,7,10,7,9,12
2023-04-01,Harvard,Colgate,Away,L,14,10,NA,14,11,25,43,24,35,16,5,10,5,15,37,21,26,18,9,10,11,14,10
2023-04-08,Harvard,Cornell,Home,L,10,8,NA,10,4,14,47,24,34,12,8,8,2,10,39,24,43,19,5,8,16,10,14
2023-04-15,Harvard,Penn,Home,W,9,15,NA,9,5,14,46,25,33,16,11,15,11,26,34,26,40,20,9,15,11,9,16
2023-04-22,Harvard,Princeton,Away,W,11,17,NA,11,5,16,45,32,29,5,10,17,7,24,50,29,44,15,2,17,12,11,21
2023-04-29,Harvard,Yale,Home,L,11,14,NA,11,3,14,41,27,44,19,13,14,7,21,35,25,41,24,6,14,11,11,16
2023-02-07,High Point,Duke,Away,L,8,20,NA,8,3,11,43,26,30,20,8,20,10,30,51,35,36,16,13,20,15,8,18
2023-02-11,High Point,Detroit Mercy,Home,L,17,2,NA,17,7,24,71,34,38,16,14,2,0,2,27,12,17,23,10,2,10,17,17
2023-02-17,High Point,VMI,Away,L,17,11,NA,17,11,28,51,31,36,13,13,11,9,20,23,21,24,18,5,11,10,17,14
2023-02-25,High Point,Navy,Home,W,14,13,NA,14,6,20,40,20,26,18,9,13,10,23,44,23,37,18,8,13,10,14,6
2023-02-26,High Point,Hampton,Home,L,27,9,NA,27,19,46,61,35,55,19,18,9,5,14,19,13,30,28,6,9,4,27,8
2023-03-04,High Point,"Jacksonville Charlotte, N.C.",Away,W,15,17,NA,15,11,26,43,30,34,16,14,17,7,24,34,27,31,21,10,17,10,15,15
2023-03-07,High Point,Queens (NC),Home,L,22,6,NA,22,14,36,58,36,51,15,12,6,6,12,17,9,24,23,5,6,3,22,14
2023-03-11,High Point,Robert Morris,Home,W,16,14,NA,16,10,26,49,28,42,16,7,14,8,22,37,26,26,11,9,14,12,16,12
2023-03-18,High Point,Georgetown,Away,W,10,22,NA,10,7,17,33,19,33,24,6,22,14,36,52,34,48,16,15,22,12,10,9
2023-03-22,High Point,North Carolina,Away,L,9,16,NA,9,4,13,42,23,35,23,7,16,9,25,40,33,40,15,14,16,17,9,14
2023-04-01,High Point,Massachusetts,Away,W,10,12,NA,10,5,15,51,24,32,15,8,12,7,19,36,22,36,19,12,12,10,10,14
2023-04-08,High Point,Hobart,Home,W,14,13,NA,14,7,21,46,27,35,21,14,13,8,21,39,20,21,18,10,13,7,14,13
2023-04-15,High Point,Richmond,Away,L,9,13,NA,9,7,16,37,24,22,17,7,13,6,19,44,27,31,12,12,13,14,9,15
2023-04-22,High Point,St. Bonaventure,Away,W,17,8,NA,17,13,30,45,27,35,18,11,8,6,14,46,25,29,20,9,8,17,17,10
2023-04-29,High Point,Saint Joseph's,Home,L,11,17,NA,11,9,20,40,20,28,12,7,17,9,26,37,25,36,13,4,17,8,11,9
2023-05-04,High Point,"Saint Joseph's Richmond, Va.",Away,L,16,14,NA,16,12,28,45,28,35,17,10,14,4,18,41,24,34,16,8,14,10,16,12
2023-05-06,High Point,Richmond,Away,L,8,15,NA,8,5,13,33,23,28,20,3,15,6,21,40,24,24,13,7,15,9,8,15
2023-02-05,Hofstra,Merrimack,Away,L,7,10,NA,7,4,11,44,16,41,26,9,10,8,18,30,21,23,16,6,10,11,7,9
2023-02-11,Hofstra,Navy,Home,L,12,13,NA,12,6,18,43,26,37,14,7,13,8,21,33,23,17,14,2,13,10,12,14
2023-02-18,Hofstra,Michigan,Away,W,10,11,NA,10,6,16,38,22,20,12,8,11,8,19,38,26,29,14,9,11,15,10,12
2023-02-21,Hofstra,LIU,Home,L,13,7,NA,13,10,23,44,24,32,15,12,7,3,10,27,15,21,18,5,7,8,13,11
2023-02-25,Hofstra,St. John's (NY),Away,L,16,12,NA,16,10,26,49,30,37,18,8,12,8,20,44,21,17,17,12,12,9,16,14
2023-03-04,Hofstra,Villanova,Home,W,8,15,NA,8,4,12,35,16,26,19,4,15,10,25,46,29,33,14,7,15,14,8,8
2023-03-14,Hofstra,Syracuse,Home,W,8,16,NA,8,6,14,51,21,32,20,4,16,13,29,48,28,19,10,6,16,12,8,13
2023-03-18,Hofstra,Fairfield,Home,L,11,12,NA,11,8,19,43,18,20,13,4,12,7,19,47,23,31,14,5,12,11,11,7
2023-03-25,Hofstra,Delaware,Home,W,7,15,NA,7,1,8,34,17,29,22,5,15,8,23,47,24,29,15,13,15,9,7,10
2023-04-01,Hofstra,Monmouth,Away,W,12,6,NA,12,7,19,41,23,31,12,6,6,2,8,39,21,26,13,6,6,15,12,11
2023-04-08,Hofstra,Towson,Home,W,8,10,NA,8,4,12,42,28,28,11,9,10,8,18,43,19,26,21,3,10,9,8,20
2023-04-15,Hofstra,Drexel,Away,L,8,7,NA,8,3,11,32,18,18,18,12,7,2,9,35,21,23,18,3,7,14,8,10
2023-04-22,Hofstra,Hampton,Away,W,15,4,NA,15,9,24,40,27,34,16,12,4,2,6,24,14,30,21,7,4,10,15,12
2023-04-29,Hofstra,Stony Brook,Home,L,10,11,NA,10,5,15,45,21,38,17,5,11,7,18,30,20,23,12,7,11,9,10,11
2023-02-05,Holy Cross,Providence,Away,L,9,12,NA,9,4,13,35,24,39,21,6,12,6,18,40,22,29,24,9,12,10,9,15
2023-02-08,Holy Cross,Merrimack,Away,L,9,14,NA,9,5,14,36,20,34,17,6,14,5,19,40,25,45,22,6,14,11,9,11
2023-02-12,Holy Cross,Syracuse,Away,L,6,15,NA,6,0,6,33,17,32,23,4,15,13,28,51,35,35,8,10,15,20,6,11
2023-02-18,Holy Cross,Mercer,Away,L,6,15,NA,6,2,8,26,14,21,25,8,15,11,26,49,33,28,13,14,15,18,6,8
2023-02-25,Holy Cross,Dartmouth,Home,W,6,17,NA,6,4,10,24,13,22,31,5,17,10,27,63,41,34,17,13,17,24,6,7
2023-03-05,Holy Cross,Army West Point,Home,W,6,13,NA,6,3,9,30,14,19,23,5,13,9,22,55,31,35,18,10,13,18,6,8
2023-03-11,Holy Cross,Lehigh,Home,L,11,18,NA,11,3,14,29,20,29,18,5,18,10,28,47,34,41,15,7,18,16,11,9
2023-03-18,Holy Cross,Boston U.,Away,L,9,23,NA,9,7,16,33,17,41,24,7,23,15,38,52,39,44,20,14,23,16,9,8
2023-03-25,Holy Cross,Navy,Home,W,8,13,NA,8,5,13,28,20,24,19,4,13,7,20,58,31,36,18,10,13,18,8,12
2023-04-01,Holy Cross,Loyola Maryland,Away,L,8,15,NA,8,5,13,28,16,20,19,6,15,8,23,52,32,41,10,9,15,17,8,8
2023-04-08,Holy Cross,Lafayette,Away,W,11,17,NA,11,5,16,32,16,23,12,6,17,12,29,44,23,29,16,4,17,6,11,5
2023-04-15,Holy Cross,Bucknell,Home,L,12,18,NA,12,9,21,30,25,30,19,6,18,9,27,63,42,35,17,9,18,24,12,13
2023-04-18,Holy Cross,UMass Lowell,Home,L,13,9,NA,13,8,21,53,37,35,14,11,9,6,15,31,21,24,16,8,9,12,13,24
2023-04-28,Holy Cross,Colgate,Away,L,9,22,NA,9,4,13,46,24,32,16,7,22,10,32,45,28,41,15,6,22,6,9,15
2023-02-04,Jacksonville,Johns Hopkins,Home,W,7,12,NA,7,3,10,36,22,27,19,12,12,6,18,44,25,43,20,8,12,13,7,15
2023-02-11,Jacksonville,Duke,Home,W,13,12,NA,13,6,19,32,24,24,10,10,12,5,17,48,25,35,16,4,12,13,13,11
2023-02-18,Jacksonville,Marist,Home,L,13,5,NA,13,8,21,37,26,31,13,18,5,2,7,34,23,35,22,5,5,18,13,13
2023-03-04,Jacksonville,"High Point Charlotte, N.C.",Away,L,17,15,NA,17,7,24,34,27,31,21,10,15,11,26,43,30,34,16,14,15,15,17,10
2023-03-08,Jacksonville,UMass Lowell,Home,L,16,7,NA,16,7,23,42,33,34,13,16,7,1,8,30,18,30,22,2,7,11,16,17
2023-03-11,Jacksonville,St. John's (NY),Away,W,17,9,NA,17,15,32,52,34,45,22,20,9,5,14,37,19,24,24,12,9,10,17,17
2023-03-18,Jacksonville,Robert Morris,Away,W,12,6,NA,12,8,20,51,22,30,24,10,6,3,9,28,17,30,23,10,6,11,12,10
2023-03-25,Jacksonville,Mercer,Home,W,18,15,NA,18,10,28,53,32,34,13,17,15,9,24,39,26,29,21,5,15,11,18,14
2023-03-29,Jacksonville,Cleveland St.,Away,L,14,12,NA,14,6,20,50,33,40,9,8,12,7,19,29,23,23,16,2,12,11,14,19
2023-03-31,Jacksonville,Utah,Away,W,15,18,NA,15,9,24,45,32,42,15,4,18,7,25,47,27,37,10,7,18,9,15,17
2023-04-08,Jacksonville,Queens (NC),Home,L,25,5,NA,25,20,45,80,51,50,10,11,5,3,8,22,14,19,14,2,5,9,25,26
2023-04-12,Jacksonville,Detroit Mercy,Home,L,17,7,NA,17,6,23,49,31,41,14,9,7,4,11,45,28,31,15,8,7,21,17,14
2023-04-15,Jacksonville,Lindenwood,Away,W,15,5,NA,15,12,27,58,34,49,18,14,5,1,6,23,14,25,27,9,5,9,15,19
2023-04-22,Jacksonville,Air Force,Home,L,11,15,NA,11,5,16,29,22,36,23,13,15,7,22,32,27,26,20,10,15,12,11,11
2023-04-29,Jacksonville,Bellarmine,Away,L,13,12,NA,13,8,21,43,25,29,16,9,12,7,19,39,21,26,18,5,12,9,13,12
2023-05-02,Jacksonville,"Robert Morris Moon Township, Pa.",Away,W,8,9,NA,8,5,13,42,18,26,21,10,9,5,14,41,22,29,21,7,9,13,8,10
2023-02-04,Johns Hopkins,Jacksonville,Away,W,12,7,NA,12,6,18,44,25,43,20,8,7,3,10,36,22,27,19,12,7,15,12,13
2023-02-11,Johns Hopkins,Georgetown,Home,W,13,12,NA,13,8,21,40,26,28,13,4,12,4,16,47,28,35,12,5,12,16,13,13
2023-02-14,Johns Hopkins,North Carolina,Home,W,7,11,NA,7,3,10,32,21,31,17,8,11,6,17,44,26,35,18,7,11,15,7,14
2023-02-18,Johns Hopkins,Loyola Maryland,Away,L,8,13,NA,8,1,9,38,21,30,17,6,13,9,22,38,26,36,16,13,13,13,8,13
2023-02-25,Johns Hopkins,Utah,Home,L,12,8,NA,12,9,21,33,26,37,13,9,8,6,14,45,23,25,12,8,8,15,12,14
2023-03-04,Johns Hopkins,Saint Joseph's,Home,W,15,14,NA,15,12,27,31,21,30,21,11,14,4,18,43,25,26,14,11,14,11,15,6
2023-03-07,Johns Hopkins,Virginia,Home,L,13,18,NA,13,8,21,31,22,22,14,6,18,12,30,47,29,42,15,5,18,11,13,9
2023-03-11,Johns Hopkins,Syracuse,Away,W,11,9,NA,11,6,17,40,23,27,15,6,9,6,15,42,30,24,13,11,9,21,11,12
2023-03-17,Johns Hopkins,Navy,Away,W,12,9,NA,12,8,20,39,25,27,20,5,9,6,15,38,22,29,16,4,9,13,12,13
2023-03-19,Johns Hopkins,Delaware,Home,W,12,10,NA,12,8,20,48,31,49,16,9,10,6,16,26,16,23,18,9,10,6,12,19
2023-03-25,Johns Hopkins,Michigan,Away,L,15,11,NA,15,7,22,43,23,34,16,10,11,9,20,32,18,27,20,4,11,7,15,8
2023-04-01,Johns Hopkins,Rutgers,Home,W,16,12,NA,16,8,24,38,25,25,14,9,12,5,17,48,26,37,14,6,12,14,16,9
2023-04-08,Johns Hopkins,Penn St.,Away,W,11,12,2,11,5,16,42,28,28,14,5,12,7,19,32,20,44,22,4,12,8,11,17
2023-04-15,Johns Hopkins,Ohio St.,Home,L,17,8,NA,17,12,29,39,28,33,17,7,8,3,11,28,16,23,17,5,8,8,17,11
2023-04-22,Johns Hopkins,Maryland,Away,L,12,11,NA,12,6,18,36,20,37,18,11,11,6,17,33,17,33,18,12,11,6,12,8
2023-05-04,Johns Hopkins,Maryland,Home,W,9,14,NA,9,6,15,29,20,20,17,7,14,7,21,34,24,27,16,5,14,10,9,11
2023-05-14,Johns Hopkins,Bryant,Home,L,22,8,NA,22,16,38,53,35,47,12,10,8,5,13,36,22,34,19,11,8,14,22,13
2023-05-21,Johns Hopkins,"Notre Dame Annapolis, Md.",Away,L,9,12,NA,9,5,14,31,19,27,14,4,12,6,18,43,18,25,16,6,12,6,9,10
2023-02-11,LIU,Merrimack,Away,L,9,15,NA,9,6,15,34,24,43,18,4,15,9,24,36,25,34,17,4,15,10,9,15
2023-02-18,LIU,Lindenwood,Home,L,8,9,NA,8,3,11,47,22,33,28,5,9,4,13,34,21,22,22,11,9,12,8,14
2023-02-21,LIU,Hofstra,Away,L,7,13,NA,7,3,10,27,15,21,18,5,13,10,23,44,24,32,15,12,13,11,7,8
2023-02-25,LIU,Monmouth,Home,W,6,10,NA,6,3,9,30,15,15,13,7,10,8,18,35,19,32,14,2,10,9,6,9
2023-03-03,LIU,UMass Lowell,Away,W,12,8,NA,12,5,17,42,25,26,17,10,8,6,14,29,19,27,20,4,8,11,12,13
2023-03-11,LIU,VMI,Home,W,14,13,NA,14,5,19,46,27,34,10,5,13,7,20,42,24,35,13,5,13,11,14,13
2023-03-18,LIU,Mount St. Mary's,Away,W,13,16,NA,13,7,20,37,21,32,20,8,16,11,27,47,29,50,17,10,16,13,13,8
2023-03-25,LIU,Siena,Home,W,13,11,NA,13,5,18,38,21,33,20,5,11,7,18,44,21,33,20,12,11,10,13,8
2023-03-29,LIU,Wagner,Home,L,13,6,NA,13,3,16,37,22,35,17,15,6,1,7,43,28,29,18,7,6,22,13,9
2023-04-01,LIU,Sacred Heart,Away,L,9,10,NA,9,4,13,45,27,30,14,2,10,5,15,40,19,31,18,6,10,9,9,18
2023-04-08,LIU,Canisius,Home,L,13,9,NA,13,7,20,50,27,30,13,12,9,3,12,37,23,22,17,6,9,14,13,14
2023-04-12,LIU,Manhattan,Away,W,10,14,NA,10,5,15,36,22,34,19,9,14,10,24,42,22,28,12,8,14,8,10,12
2023-04-15,LIU,Marist,Home,L,10,16,NA,10,5,15,50,25,35,12,11,16,13,29,45,24,31,14,7,16,8,10,15
2023-04-22,LIU,Quinnipiac,Away,W,13,19,NA,13,6,19,45,21,22,13,5,19,12,31,61,33,34,11,9,19,14,13,8
2023-02-04,Lafayette,Penn St.,Away,W,11,21,NA,11,3,14,43,32,38,20,8,21,13,34,50,36,46,21,14,21,15,11,21
2023-02-11,Lafayette,Delaware,Home,W,5,14,NA,5,1,6,38,17,25,11,6,14,6,20,55,28,28,7,2,14,14,5,12
2023-02-18,Lafayette,Sacred Heart,Home,L,15,8,NA,15,8,23,38,23,28,10,10,8,4,12,35,17,26,18,2,8,9,15,8
2023-02-21,Lafayette,Drexel,Away,W,14,16,NA,14,7,21,37,21,22,15,7,16,9,25,44,27,41,15,10,16,11,14,7
2023-02-25,Lafayette,Binghamton,Away,W,10,4,NA,10,8,18,35,26,36,14,11,4,3,7,35,14,24,19,5,4,10,10,16
2023-03-04,Lafayette,Loyola Maryland,Away,W,11,15,NA,11,4,15,36,24,21,14,5,15,12,27,42,29,36,12,8,15,14,11,13
2023-03-10,Lafayette,Army West Point,Away,L,9,17,NA,9,3,12,38,22,28,16,5,17,5,22,43,26,31,14,9,17,9,9,13
2023-03-14,Lafayette,Hampton,Away,W,18,9,NA,18,10,28,42,31,51,18,16,9,1,10,25,18,27,24,9,9,9,18,13
2023-03-18,Lafayette,Colgate,Home,L,10,9,1,10,6,16,34,23,14,14,6,9,4,13,41,20,22,11,7,9,11,10,13
2023-03-25,Lafayette,Boston U.,Home,L,10,12,NA,10,8,18,35,17,33,22,6,12,6,18,39,22,24,17,11,12,10,10,7
2023-04-01,Lafayette,Lehigh,Away,L,9,15,NA,9,4,13,36,20,23,13,4,15,11,26,46,33,43,12,9,15,18,9,11
2023-04-08,Lafayette,Holy Cross,Home,W,17,11,NA,17,12,29,44,23,29,16,4,11,5,16,32,16,23,12,6,11,5,17,6
2023-04-15,Lafayette,Navy,Away,W,6,9,NA,6,2,8,32,12,24,11,3,9,5,14,49,21,31,9,4,9,12,6,6
2023-04-21,Lafayette,Bucknell,Home,W,14,13,1,14,12,26,39,24,32,20,3,13,9,22,45,26,30,10,9,13,13,14,10
2023-04-25,Lafayette,Virginia,Home,L,11,20,NA,11,7,18,44,25,30,14,7,20,13,33,41,27,41,17,8,20,7,11,14
2023-05-02,Lafayette,Lehigh,Away,L,8,12,NA,8,4,12,27,18,17,15,5,12,10,22,41,27,31,11,9,12,15,8,10
2023-02-11,Lehigh,Fairfield,Home,W,20,10,NA,20,15,35,50,35,40,14,11,10,5,15,34,23,28,20,5,10,13,20,15
2023-02-18,Lehigh,Hobart,Home,W,19,13,NA,19,10,29,54,36,38,16,11,13,7,20,35,25,38,18,6,13,12,19,17
2023-02-25,Lehigh,Cornell,Away,L,5,12,NA,5,1,6,27,9,27,32,8,12,8,20,48,26,39,20,19,12,14,5,4
2023-03-04,Lehigh,Navy,Away,L,13,10,NA,13,10,23,38,23,31,19,7,10,6,16,54,26,29,18,12,10,16,13,10
2023-03-07,Lehigh,Binghamton,Home,W,14,13,NA,14,4,18,35,26,48,20,11,13,7,20,37,27,30,15,10,13,14,14,12
2023-03-11,Lehigh,Holy Cross,Away,L,18,11,NA,18,10,28,47,34,41,15,7,11,3,14,29,20,29,18,5,11,9,18,16
2023-03-18,Lehigh,Army West Point,Home,L,10,12,NA,10,6,16,26,16,27,19,9,12,5,17,37,25,43,13,10,12,13,10,6
2023-03-25,Lehigh,Georgetown,Away,W,15,17,NA,15,12,27,38,26,43,25,11,17,8,25,41,26,44,18,14,17,9,15,11
2023-04-01,Lehigh,Lafayette,Home,L,15,9,NA,15,11,26,46,33,43,12,9,9,4,13,36,20,23,13,4,9,11,15,18
2023-04-08,Lehigh,Bucknell,Away,W,11,8,NA,11,9,20,39,24,45,20,9,8,5,13,37,22,25,13,13,8,14,11,13
2023-04-15,Lehigh,Colgate,Home,L,15,8,NA,15,11,26,40,25,35,22,14,8,7,15,32,23,31,19,14,8,15,15,10
2023-04-22,Lehigh,Boston U.,Away,W,11,14,NA,11,9,20,39,28,38,22,12,14,12,26,40,23,34,20,20,14,9,11,17
2023-04-28,Lehigh,Loyola Maryland,Home,L,15,9,NA,15,7,22,40,27,38,19,6,9,7,16,31,24,30,15,13,9,15,15,12
2023-05-02,Lehigh,Lafayette,Home,L,12,8,NA,12,10,22,41,27,31,11,9,8,4,12,27,18,17,15,5,8,10,12,15
2023-05-05,Lehigh,"Army West Point Boston, Mass.",Away,W,13,19,NA,13,7,20,43,27,35,16,11,19,6,25,42,23,39,19,7,19,4,13,14
2023-02-04,Lindenwood,Marquette,Away,L,2,17,NA,2,1,3,30,12,22,20,8,17,9,26,40,24,37,22,7,17,7,2,10
2023-02-18,Lindenwood,LIU,Away,L,9,8,NA,9,4,13,34,21,22,22,11,8,3,11,47,22,33,28,5,8,14,9,12
2023-03-11,Lindenwood,NJIT,Away,W,13,14,NA,13,7,20,60,31,31,12,15,14,10,24,46,26,30,23,10,14,12,13,18
2023-03-18,Lindenwood,Cleveland St.,Away,W,12,14,NA,12,6,18,43,30,59,21,12,14,7,21,39,33,46,21,11,14,19,12,18
2023-03-25,Lindenwood,Air Force,Away,L,6,15,NA,6,2,8,33,18,28,22,11,15,10,25,41,29,22,22,10,15,14,6,12
2023-03-29,Lindenwood,Queens (NC),Home,L,15,6,NA,15,7,22,57,28,43,20,10,6,5,11,40,19,25,24,5,6,13,15,13
2023-04-01,Lindenwood,Bellarmine,Home,W,7,18,NA,7,3,10,26,14,31,24,7,18,9,27,48,28,46,20,10,18,10,7,7
2023-04-08,Lindenwood,Detroit Mercy,Away,W,16,17,NA,16,8,24,46,29,32,11,3,17,9,26,38,22,20,8,7,17,5,16,13
2023-04-12,Lindenwood,Utah,Away,L,8,22,NA,8,4,12,39,24,36,24,6,22,13,35,67,44,51,16,12,22,22,8,16
2023-04-15,Lindenwood,Jacksonville,Home,W,5,15,NA,5,1,6,23,14,25,27,9,15,12,27,58,34,49,18,14,15,19,5,9
2023-04-22,Lindenwood,Robert Morris,Away,W,12,18,NA,12,5,17,29,21,26,19,10,18,12,30,56,36,58,24,13,18,18,12,9
2023-04-29,Lindenwood,Mercer,Home,W,8,12,NA,8,3,11,32,15,25,18,9,12,10,22,42,20,31,20,9,12,8,8,7
2023-02-11,Loyola Maryland,Maryland,Home,L,12,7,NA,12,6,18,26,17,27,17,11,7,4,11,42,26,38,22,8,7,19,12,5
2023-02-18,Loyola Maryland,Johns Hopkins,Home,L,13,8,NA,13,9,22,38,26,36,16,13,8,1,9,38,21,30,17,6,8,13,13,13
2023-02-25,Loyola Maryland,Rutgers,Away,L,6,10,NA,6,4,10,35,22,27,11,6,10,7,17,40,24,26,11,7,10,14,6,16
2023-03-01,Loyola Maryland,Towson,Away,L,12,11,1,12,9,21,43,22,30,17,9,11,5,16,45,26,39,18,6,11,15,12,10
2023-03-04,Loyola Maryland,Lafayette,Home,W,15,11,NA,15,12,27,42,29,36,12,8,11,4,15,36,24,21,14,5,11,13,15,14
2023-03-10,Loyola Maryland,Duke,Away,L,9,17,NA,9,3,12,36,18,17,15,7,17,11,28,46,32,32,12,4,17,15,9,9
2023-03-18,Loyola Maryland,Bucknell,Away,L,14,13,NA,14,11,25,40,26,40,18,9,13,5,18,43,27,34,20,12,13,14,14,12
2023-03-25,Loyola Maryland,Army West Point,Away,L,5,10,NA,5,3,8,32,16,27,19,12,10,8,18,39,22,38,21,11,10,12,5,11
2023-04-01,Loyola Maryland,Holy Cross,Home,L,15,8,NA,15,8,23,52,32,41,10,9,8,5,13,28,16,20,19,6,8,8,15,17
2023-04-07,Loyola Maryland,Navy,Home,L,10,11,NA,10,4,14,54,33,42,16,11,11,10,21,45,21,31,17,9,11,10,10,23
2023-04-15,Loyola Maryland,Boston U.,Away,L,9,16,NA,9,7,16,32,17,33,20,9,16,10,26,43,28,40,15,10,16,12,9,8
2023-04-18,Loyola Maryland,Georgetown,Home,W,7,23,NA,7,3,10,33,17,24,17,8,23,12,35,46,33,42,14,8,23,10,7,10
2023-04-22,Loyola Maryland,Colgate,Home,W,17,11,NA,17,9,26,43,25,37,10,13,11,7,18,33,20,29,19,6,11,9,17,8
2023-04-28,Loyola Maryland,Lehigh,Away,L,9,15,NA,9,7,16,31,24,30,15,13,15,7,22,40,27,38,19,6,15,12,9,15
2023-05-02,Loyola Maryland,Navy,Away,W,12,7,NA,12,6,18,37,23,30,12,6,7,6,13,43,25,34,17,5,7,18,12,11
2023-05-05,Loyola Maryland,Boston U.,Away,L,12,11,NA,12,10,22,37,24,27,19,8,11,6,17,47,31,29,11,13,11,20,12,12
2023-05-07,Loyola Maryland,"Army West Point Boston, Mass.",Away,L,8,10,NA,8,5,13,43,22,32,8,15,10,7,17,37,21,39,20,6,10,11,8,14
2023-02-11,Manhattan,"St. John's (NY) West Islip, N.Y.",Away,L,9,5,NA,9,3,12,35,19,24,20,13,5,2,7,37,19,15,16,12,5,14,9,10
2023-02-18,Manhattan,Navy,Away,L,6,5,NA,6,4,10,31,16,22,16,1,5,1,6,47,27,35,8,5,5,22,6,10
2023-02-21,Manhattan,Princeton,Away,L,9,14,NA,9,7,16,36,22,33,16,5,14,8,22,46,31,35,13,7,14,17,9,13
2023-02-25,Manhattan,NJIT,Home,L,11,8,NA,11,8,19,39,27,33,16,7,8,2,10,33,17,24,17,4,8,9,11,16
2023-03-04,Manhattan,Bryant,Away,W,12,15,NA,12,5,17,37,16,31,16,4,15,9,24,46,26,28,8,7,15,11,12,4
2023-03-11,Manhattan,Mount St. Mary's,Away,L,9,3,NA,9,4,13,22,14,27,23,10,3,1,4,36,15,34,17,15,3,12,9,5
2023-03-18,Manhattan,Sacred Heart,Home,W,9,7,NA,9,4,13,43,18,23,12,11,7,3,10,25,13,21,15,3,7,6,9,9
2023-03-25,Manhattan,Canisius,Home,L,14,9,NA,14,8,22,40,27,28,13,7,9,5,14,30,16,14,10,4,9,7,14,13
2023-03-29,Manhattan,Quinnipiac,Away,W,12,5,NA,12,7,19,37,27,23,10,4,5,2,7,30,13,24,17,2,5,8,12,15
2023-04-01,Manhattan,Marist,Home,W,9,10,NA,9,7,16,39,17,31,20,9,10,6,16,27,15,18,12,8,10,5,9,8
2023-04-08,Manhattan,VMI,Away,L,8,6,NA,8,4,12,42,25,29,8,8,6,3,9,28,15,22,19,3,6,9,8,17
2023-04-12,Manhattan,LIU,Home,W,14,10,NA,14,10,24,42,22,28,12,8,10,5,15,36,22,34,19,9,10,12,14,8
2023-04-15,Manhattan,Siena,Home,W,6,10,NA,6,4,10,37,14,20,20,4,10,7,17,36,22,31,14,13,10,12,6,8
2023-04-22,Manhattan,Wagner,Away,L,6,2,NA,6,2,8,44,22,14,13,5,2,1,3,24,10,11,14,4,2,8,6,16
2023-05-04,Manhattan,Siena,Home,W,8,11,NA,8,7,15,38,20,32,19,5,11,6,17,33,20,34,12,13,11,9,8,12
2023-02-04,Marist,Rutgers,Away,L,8,20,NA,8,4,12,31,20,26,14,4,20,11,31,66,33,44,13,9,20,13,8,12
2023-02-11,Marist,Binghamton,Home,L,11,18,NA,11,5,16,42,25,32,15,12,18,10,28,48,28,45,18,11,18,10,11,14
2023-02-18,Marist,Jacksonville,Away,L,5,13,NA,5,2,7,34,23,35,22,5,13,8,21,37,26,31,13,18,13,13,5,18
2023-02-26,Marist,Bellarmine,Home,L,10,13,NA,10,6,16,43,20,36,12,6,13,9,22,47,27,37,13,8,13,14,10,10
2023-03-04,Marist,Bucknell,Away,L,14,11,NA,14,7,21,39,24,34,24,12,11,5,16,44,20,27,21,14,11,9,14,10
2023-03-11,Marist,Wagner,Home,L,16,7,NA,16,9,25,42,27,34,17,9,7,1,8,39,18,26,16,4,7,11,16,11
2023-03-18,Marist,Canisius,Away,W,16,18,NA,16,6,22,45,31,37,9,3,18,6,24,51,29,44,13,4,18,11,16,15
2023-03-25,Marist,Quinnipiac,Away,W,12,14,NA,12,7,19,45,25,26,16,8,14,9,23,37,24,28,18,6,14,10,12,13
2023-03-29,Marist,Sacred Heart,Home,L,13,9,NA,13,8,21,41,25,40,14,10,9,6,15,35,19,26,22,5,9,10,13,12
2023-04-01,Marist,Manhattan,Away,W,10,9,NA,10,6,16,27,15,18,12,8,9,7,16,39,17,31,20,9,9,8,10,5
2023-04-08,Marist,Mount St. Mary's,Home,W,9,12,NA,9,6,15,53,23,30,15,11,12,6,18,35,19,32,18,7,12,7,9,14
2023-04-12,Marist,Siena,Away,L,14,11,NA,14,5,19,46,27,39,16,9,11,8,19,51,26,40,17,10,11,15,14,13
2023-04-15,Marist,LIU,Away,L,16,10,NA,16,13,29,45,24,31,14,7,10,5,15,50,25,35,12,11,10,15,16,8
2023-04-22,Marist,VMI,Home,L,18,7,NA,18,8,26,45,33,37,17,6,7,3,10,47,24,41,17,9,7,17,18,15
2023-04-29,Marist,Quinnipiac,Home,W,29,19,NA,29,17,46,56,40,54,12,14,19,12,31,38,25,35,17,6,19,6,29,11
2023-05-04,Marist,"Mount St. Mary's Riverdale, N.Y.",Away,W,19,7,NA,19,12,31,40,27,30,12,8,7,4,11,53,26,39,13,9,7,19,19,8
2023-05-06,Marist,"Siena Riverdale, N.Y.",Away,W,12,7,NA,12,6,18,43,22,28,13,5,7,3,10,45,19,31,11,9,7,12,12,10
2023-05-10,Marist,Delaware,Away,W,10,25,NA,10,5,15,25,19,27,16,3,25,13,38,64,37,40,6,9,25,12,10,9
2023-02-04,Marquette,Lindenwood,Home,L,17,2,NA,17,9,26,40,24,37,22,7,2,1,3,30,12,22,20,8,2,10,17,7
2023-02-11,Marquette,Utah,Away,W,16,18,NA,16,6,22,33,26,27,17,8,18,12,30,50,28,35,17,7,18,10,16,10
2023-02-15,Marquette,Notre Dame,Away,W,10,21,NA,10,8,18,31,20,23,18,6,21,14,35,53,31,37,14,10,21,10,10,10
2023-02-25,Marquette,"Michigan Naples, Fla.",Away,W,14,9,NA,14,5,19,37,27,30,15,10,9,6,15,33,18,28,19,9,9,9,14,13
2023-03-01,Marquette,Detroit Mercy,Away,W,10,5,NA,10,5,15,48,26,26,14,9,5,2,7,46,23,28,17,8,5,18,10,16
2023-03-11,Marquette,Bellarmine,Home,L,10,11,NA,10,3,13,34,17,25,17,7,11,9,20,34,20,25,17,7,11,9,10,7
2023-03-18,Marquette,"Penn St. Levittown,N.Y",Away,L,12,11,NA,12,6,18,34,23,34,20,8,11,7,18,38,20,28,17,7,11,9,12,11
2023-03-25,Marquette,St. Bonaventure,Home,W,9,5,NA,9,4,13,48,22,33,16,4,5,1,6,29,15,20,13,6,5,10,9,13
2023-04-01,Marquette,Providence,Away,W,14,16,NA,14,7,21,53,33,35,7,5,16,9,25,38,25,26,15,4,16,9,14,19
2023-04-08,Marquette,St. John's (NY),Home,W,20,10,NA,20,8,28,51,36,43,20,9,10,5,15,39,19,26,21,5,10,9,20,16
2023-04-11,Marquette,Cornell,Away,W,11,21,NA,11,6,17,41,24,33,16,6,21,12,33,50,31,39,11,11,21,10,11,13
2023-04-15,Marquette,Georgetown,Home,L,14,15,1,14,7,21,41,21,30,16,2,15,11,26,43,30,27,10,5,15,15,14,7
2023-04-22,Marquette,Villanova,Away,W,15,16,1,15,6,21,25,21,23,15,5,16,6,22,51,27,38,12,9,16,11,15,6
2023-04-28,Marquette,Denver,Home,L,14,15,1,14,8,22,31,21,20,13,6,15,6,21,44,30,28,12,8,15,15,14,7
2023-02-04,Maryland,Richmond,Home,L,15,4,NA,15,11,26,34,24,35,16,12,4,1,5,42,19,30,16,7,4,15,15,9
2023-02-11,Maryland,Loyola Maryland,Away,L,7,12,NA,7,4,11,42,26,38,22,8,12,6,18,26,17,27,17,11,12,5,7,19
2023-02-18,Maryland,Syracuse,Home,W,15,12,NA,15,10,25,50,33,46,18,9,12,4,16,29,21,25,15,8,12,9,15,18
2023-02-25,Maryland,Princeton,Away,W,11,5,NA,11,9,20,45,27,32,16,12,5,4,9,38,19,23,16,8,5,14,11,16
2023-03-04,Maryland,Notre Dame,Home,L,12,13,3,12,9,21,55,26,46,20,9,13,4,17,39,25,31,14,11,13,12,12,14
2023-03-11,Maryland,UAlbany,Away,W,16,9,NA,16,11,27,45,26,42,13,6,9,2,11,41,22,41,12,7,9,13,16,10
2023-03-18,Maryland,Virginia,Away,L,14,13,1,14,6,20,48,29,37,13,8,13,9,22,47,28,39,16,8,13,15,14,15
2023-03-25,Maryland,Penn St.,Home,W,13,10,NA,13,8,21,51,26,38,15,8,10,5,15,32,19,18,11,6,10,9,13,13
2023-04-01,Maryland,Michigan,Home,L,11,16,NA,11,3,14,41,21,26,9,7,16,10,26,43,29,26,12,4,16,13,11,10
2023-04-07,Maryland,Ohio St.,Away,L,12,11,1,12,5,17,38,20,32,14,4,11,5,16,33,20,30,10,5,11,9,12,8
2023-04-16,Maryland,Rutgers,Away,W,11,8,NA,11,8,19,30,23,27,20,5,8,7,15,36,20,25,14,10,8,12,11,12
2023-04-22,Maryland,Johns Hopkins,Home,L,11,12,NA,11,6,17,33,17,33,18,12,12,6,18,36,20,37,18,11,12,8,11,6
2023-04-29,Maryland,Rutgers,Home,W,14,11,NA,14,13,27,36,27,36,19,6,11,6,17,32,21,21,9,7,11,10,14,13
2023-05-04,Maryland,Johns Hopkins,Away,W,14,9,NA,14,7,21,34,24,27,16,5,9,6,15,29,20,20,17,7,9,11,14,10
2023-05-06,Maryland,"Michigan Baltimore, MD",Away,L,5,14,NA,5,1,6,40,19,23,13,6,14,9,23,33,22,27,17,4,14,8,5,14
2023-05-13,Maryland,Army West Point,Home,L,15,16,NA,15,8,23,47,31,32,7,7,16,8,24,32,21,36,17,2,16,5,15,16
2023-02-11,Massachusetts,Army West Point,Home,L,10,8,NA,10,4,14,30,19,24,19,9,8,4,12,46,27,27,19,11,8,19,10,9
2023-02-17,Massachusetts,UMass Lowell,Away,W,11,3,NA,11,5,16,40,29,25,13,11,3,1,4,17,12,20,21,6,3,9,11,18
2023-02-25,Massachusetts,Boston U.,Home,W,6,12,NA,6,6,12,26,13,24,19,11,12,10,22,48,24,37,17,11,12,12,6,7
2023-03-03,Massachusetts,Yale,Home,W,9,18,NA,9,7,16,44,32,38,15,8,18,8,26,55,34,38,11,7,18,16,9,23
2023-03-07,Massachusetts,UAlbany,Away,L,9,6,NA,9,4,13,34,19,32,18,5,6,3,9,38,21,31,16,12,6,15,9,10
2023-03-11,Massachusetts,Vermont,Away,W,12,4,NA,12,6,18,34,20,17,16,6,4,2,6,40,20,18,12,7,4,16,12,8
2023-03-18,Massachusetts,Rutgers,Home,W,5,11,NA,5,1,6,32,17,22,16,7,11,5,16,53,31,36,12,7,11,20,5,12
2023-03-25,Massachusetts,Brown,Home,L,10,9,NA,10,6,16,41,26,32,21,12,9,6,15,32,18,28,23,13,9,9,10,16
2023-04-01,Massachusetts,High Point,Home,W,12,10,NA,12,7,19,36,22,36,19,12,10,5,15,51,24,32,15,8,10,14,12,10
2023-04-08,Massachusetts,Richmond,Away,W,12,13,NA,12,7,19,29,21,32,18,8,13,7,20,48,23,33,15,13,13,10,12,9
2023-04-15,Massachusetts,St. Bonaventure,Home,L,14,3,NA,14,9,23,66,36,34,9,8,3,1,4,20,13,22,16,5,3,10,14,22
2023-04-22,Massachusetts,Saint Joseph's,Away,W,10,11,NA,10,6,16,46,21,35,15,10,11,3,14,39,22,24,17,5,11,11,10,11
2023-04-28,Massachusetts,Hobart,Home,L,13,9,NA,13,6,19,42,23,40,15,4,9,5,14,41,25,26,8,6,9,16,13,10
2023-05-04,Massachusetts,Richmond,Away,L,8,15,NA,8,3,11,30,19,26,19,2,15,6,21,45,31,27,12,10,15,16,8,11
2023-02-04,Mercer,Bucknell,Away,L,6,20,NA,6,5,11,24,15,35,30,12,20,14,34,46,30,36,22,19,20,10,6,9
2023-02-10,Mercer,North Carolina,Away,L,3,25,NA,3,1,4,38,14,38,28,1,25,15,40,50,38,42,15,12,25,13,3,11
2023-02-18,Mercer,Holy Cross,Home,L,15,6,NA,15,11,26,49,33,28,13,14,6,2,8,26,14,21,25,8,6,8,15,18
2023-02-25,Mercer,Army West Point,Home,W,5,16,NA,5,3,8,24,13,25,15,6,16,12,28,47,31,33,11,5,16,15,5,8
2023-03-04,Mercer,Air Force,Home,W,8,14,NA,8,4,12,50,18,27,13,6,14,7,21,44,23,25,14,7,14,9,8,10
2023-03-07,Mercer,Richmond,Away,L,6,11,NA,6,4,10,28,16,26,20,8,11,6,17,32,23,26,16,10,11,12,6,10
2023-03-11,Mercer,UMBC,Away,L,8,13,NA,8,5,13,31,18,32,23,5,13,7,20,39,24,17,13,11,13,11,8,10
2023-03-18,Mercer,Detroit Mercy,Home,W,16,12,NA,16,6,22,55,33,41,12,3,12,7,19,37,20,22,7,7,12,8,16,17
2023-03-25,Mercer,Jacksonville,Away,W,15,18,NA,15,9,24,39,26,29,21,5,18,10,28,53,32,34,13,17,18,14,15,11
2023-03-29,Mercer,Bellarmine,Away,L,15,12,NA,15,10,25,44,27,31,12,5,12,9,21,42,26,21,9,6,12,14,15,12
2023-04-01,Mercer,Robert Morris,Home,W,9,8,NA,9,5,14,48,29,23,7,10,8,5,13,33,20,21,15,2,8,12,9,20
2023-04-08,Mercer,Cleveland St.,Home,W,8,11,NA,8,7,15,30,20,33,15,9,11,7,18,34,18,23,17,4,11,7,8,12
2023-04-15,Mercer,Utah,Away,W,12,22,NA,12,4,16,39,25,34,20,6,22,14,36,56,32,35,13,13,22,10,12,13
2023-04-22,Mercer,Queens (NC),Home,L,18,5,NA,18,11,29,51,35,23,16,11,5,2,7,31,14,21,22,7,5,9,18,17
2023-04-29,Mercer,Lindenwood,Away,W,12,8,NA,12,10,22,42,20,31,20,9,8,3,11,32,15,25,18,9,8,7,12,8
2023-05-02,Mercer,"Bellarmine Moon Township, PA",Away,W,13,14,NA,13,7,20,40,25,30,14,10,14,7,21,40,21,31,13,8,14,7,13,12
2023-02-05,Merrimack,Hofstra,Home,L,10,7,NA,10,8,18,30,21,23,16,6,7,4,11,44,16,41,26,9,7,9,10,11
2023-02-08,Merrimack,Holy Cross,Home,L,14,9,NA,14,5,19,40,25,45,22,6,9,5,14,36,20,34,17,6,9,11,14,11
2023-02-11,Merrimack,LIU,Home,L,15,9,NA,15,9,24,36,25,34,17,4,9,6,15,34,24,43,18,4,9,15,15,10
2023-02-18,Merrimack,Dartmouth,Home,L,10,11,NA,10,4,14,26,20,34,20,13,11,7,18,33,19,46,27,11,11,8,10,10
2023-02-25,Merrimack,Denver,Away,L,9,13,NA,9,7,16,26,18,22,17,7,13,6,19,58,35,31,14,7,13,22,9,9
2023-03-05,Merrimack,Quinnipiac,Away,W,16,8,NA,16,9,25,41,30,23,11,6,8,7,15,46,26,25,16,3,8,18,16,14
2023-03-18,Merrimack,Binghamton,Home,W,7,14,NA,7,4,11,37,20,32,19,5,14,8,22,49,34,36,18,6,14,20,7,13
2023-03-25,Merrimack,UMBC,Away,L,5,15,NA,5,3,8,27,16,17,21,6,15,10,25,52,33,32,13,9,15,18,5,11
2023-04-01,Merrimack,Vermont,Home,W,8,13,NA,8,5,13,35,16,21,22,25,13,8,21,33,20,31,27,20,13,7,8,8
2023-04-08,Merrimack,NJIT,Home,W,15,12,NA,15,3,18,44,27,33,15,10,12,7,19,34,21,29,24,7,12,9,15,12
2023-04-14,Merrimack,UMass Lowell,Away,L,13,10,NA,13,11,24,38,21,26,16,5,10,3,13,29,19,24,14,8,10,9,13,8
2023-04-23,Merrimack,UAlbany,Away,W,11,13,NA,11,5,16,39,21,35,13,9,13,8,21,48,21,42,22,6,13,8,11,10
2023-04-29,Merrimack,Bryant,Home,L,12,9,NA,12,7,19,41,24,40,22,12,9,6,15,30,21,38,23,5,9,12,12,12
2023-05-07,Merrimack,"Duke Bethpage, N.Y.",Away,L,2,14,NA,2,1,3,32,9,33,26,11,14,10,24,50,31,40,19,11,14,17,2,7
2023-02-11,Michigan,Virginia,Away,W,13,17,NA,13,6,19,36,29,34,15,7,17,11,28,44,26,38,11,10,17,9,13,16
2023-02-18,Michigan,Hofstra,Home,W,11,10,NA,11,8,19,38,26,29,14,9,10,6,16,38,22,20,12,8,10,12,11,15
2023-02-21,Michigan,Canisius,Home,L,19,8,NA,19,11,30,49,35,32,9,10,8,5,13,34,14,21,14,4,8,6,19,16
2023-02-25,Michigan,"Marquette Naples, Fla.",Away,L,9,14,NA,9,6,15,33,18,28,19,9,14,5,19,37,27,30,15,10,14,13,9,9
2023-03-04,Michigan,Delaware,Away,L,16,12,NA,16,8,24,38,23,26,14,7,12,8,20,44,24,30,13,7,12,12,16,7
2023-03-11,Michigan,Harvard,Away,L,19,13,NA,19,10,29,43,30,45,23,7,13,5,18,45,30,35,13,9,13,17,19,11
2023-03-18,Michigan,Notre Dame,Home,W,8,18,NA,8,6,14,40,23,27,14,6,18,8,26,45,25,29,10,7,18,7,8,15
2023-03-25,Michigan,Johns Hopkins,Home,L,11,15,NA,11,9,20,32,18,27,20,4,15,7,22,43,23,34,16,10,15,8,11,7
2023-04-01,Michigan,Maryland,Away,L,16,11,NA,16,10,26,43,29,26,12,4,11,3,14,41,21,26,9,7,11,10,16,13
2023-04-07,Michigan,Rutgers,Away,W,12,13,1,12,8,20,32,23,33,16,2,13,4,17,47,27,26,6,12,13,14,12,11
2023-04-16,Michigan,Penn St.,Home,W,9,11,NA,9,4,13,46,26,33,13,10,11,6,17,39,19,23,15,5,11,8,9,17
2023-04-21,Michigan,Ohio St.,Home,W,19,14,NA,19,8,27,49,34,47,11,1,14,4,18,34,20,18,9,6,14,6,19,15
2023-04-29,Michigan,Ohio St.,Home,W,14,10,NA,14,9,23,40,21,28,12,4,10,3,13,45,24,31,7,7,10,14,14,7
2023-05-04,Michigan,"Penn St. Baltimore, MD",Away,L,17,15,NA,17,7,24,53,35,37,15,4,15,8,23,42,28,19,11,5,15,13,17,18
2023-05-06,Michigan,"Maryland Baltimore, MD",Away,W,14,5,NA,14,9,23,33,22,27,17,4,5,1,6,40,19,23,13,6,5,14,14,8
2023-05-14,Michigan,Cornell,Away,L,15,14,1,15,6,21,41,26,28,13,7,14,3,17,46,30,29,10,8,14,16,15,11
2023-05-20,Michigan,"Duke Albany, N.Y.",Away,L,8,15,NA,8,5,13,38,22,27,18,3,15,4,19,36,25,31,15,12,15,10,8,14
2023-02-18,Monmouth,Princeton,Away,L,9,22,NA,9,3,12,37,20,30,11,4,22,14,36,55,36,32,11,6,22,14,9,11
2023-02-21,Monmouth,NJIT,Home,L,14,9,NA,14,3,17,44,25,40,17,15,9,3,12,27,15,32,23,7,9,6,14,11
2023-02-25,Monmouth,LIU,Away,W,10,6,NA,10,8,18,35,19,32,14,2,6,3,9,30,15,15,13,7,6,9,10,9
2023-02-28,Monmouth,Wagner,Away,L,9,4,NA,9,5,14,35,26,22,8,3,4,2,6,34,16,15,11,5,4,12,9,17
2023-03-04,Monmouth,Mount St. Mary's,Away,L,8,7,1,8,4,12,38,20,40,13,8,7,5,12,38,19,27,16,7,7,12,8,12
2023-03-11,Monmouth,Delaware,Away,L,6,18,NA,6,4,10,29,14,25,19,3,18,10,28,43,25,31,10,9,18,7,6,8
2023-03-18,Monmouth,Villanova,Home,W,6,10,NA,6,5,11,30,19,30,15,9,10,8,18,38,19,32,16,11,10,9,6,13
2023-03-25,Monmouth,Stony Brook,Home,L,12,15,NA,12,8,20,32,21,30,16,6,15,9,24,46,26,34,10,7,15,11,12,9
2023-04-01,Monmouth,Hofstra,Home,W,6,12,NA,6,2,8,39,21,26,13,6,12,7,19,41,23,31,12,6,12,11,6,15
2023-04-04,Monmouth,Saint Joseph's,Home,W,3,13,NA,3,1,4,33,15,26,20,11,13,7,20,38,20,34,21,12,13,7,3,12
2023-04-08,Monmouth,Hampton,Away,W,14,6,NA,14,9,23,48,29,39,18,12,6,2,8,33,21,21,16,9,6,15,14,15
2023-04-15,Monmouth,Fairfield,Away,W,14,15,NA,14,7,21,44,28,31,18,6,15,8,23,47,24,33,17,11,15,9,14,14
2023-04-22,Monmouth,Towson,Home,L,11,15,NA,11,7,18,34,20,37,16,6,15,8,23,46,28,31,11,7,15,13,11,9
2023-04-28,Monmouth,Drexel,Away,L,7,16,NA,7,4,11,35,16,30,23,5,16,13,29,49,30,38,14,12,16,14,7,9
2023-02-04,Mount St. Mary's,Navy,Away,L,7,13,NA,7,5,12,28,20,28,25,4,13,5,18,53,24,32,15,9,13,11,7,13
2023-02-11,Mount St. Mary's,Towson,Home,W,7,20,NA,7,5,12,37,18,32,15,11,20,12,32,48,30,34,14,6,20,10,7,11
2023-02-15,Mount St. Mary's,Delaware,Home,W,6,15,NA,6,2,8,23,11,36,27,16,15,11,26,44,31,34,22,14,15,16,6,5
2023-02-18,Mount St. Mary's,NJIT,Away,L,13,10,NA,13,7,20,55,31,29,14,7,10,6,16,42,25,25,13,6,10,15,13,18
2023-02-24,Mount St. Mary's,UMBC,Away,L,6,16,NA,6,4,10,24,15,19,19,2,16,3,19,41,24,20,13,4,16,8,6,9
2023-03-04,Mount St. Mary's,Monmouth,Home,L,7,8,1,7,5,12,38,19,27,16,7,8,4,12,38,20,40,13,8,8,12,7,12
2023-03-11,Mount St. Mary's,Manhattan,Home,L,3,9,NA,3,1,4,36,15,34,17,15,9,4,13,22,14,27,23,10,9,5,3,12
2023-03-18,Mount St. Mary's,LIU,Home,W,16,13,NA,16,11,27,47,29,50,17,10,13,7,20,37,21,32,20,8,13,8,16,13
2023-03-25,Mount St. Mary's,Wagner,Away,W,10,7,NA,10,6,16,42,21,24,19,14,7,3,10,24,15,17,23,7,7,8,10,11
2023-03-29,Mount St. Mary's,VMI,Away,W,20,5,NA,20,11,31,53,39,47,16,9,5,2,7,29,10,17,20,6,5,5,20,19
2023-04-01,Mount St. Mary's,Quinnipiac,Home,W,18,11,NA,18,12,30,51,26,44,19,11,11,8,19,32,18,26,18,10,11,7,18,8
2023-04-08,Mount St. Mary's,Marist,Away,W,12,9,NA,12,6,18,35,19,32,18,7,9,6,15,53,23,30,15,11,9,14,12,7
2023-04-12,Mount St. Mary's,Canisius,Home,W,15,13,NA,15,8,23,44,26,42,15,17,13,7,20,39,25,34,23,9,13,12,15,11
2023-04-15,Mount St. Mary's,Sacred Heart,Away,L,13,12,NA,13,11,24,55,25,38,17,8,12,7,19,32,18,27,16,7,12,6,13,12
2023-04-22,Mount St. Mary's,Siena,Away,W,12,13,NA,12,3,15,47,25,40,18,8,13,10,23,41,23,35,12,11,13,10,12,13
2023-05-04,Mount St. Mary's,"Marist Riverdale, N.Y.",Away,L,7,19,NA,7,4,11,53,26,39,13,9,19,12,31,40,27,30,12,8,19,8,7,19
2023-02-11,NJIT,Siena,Away,W,11,12,NA,11,5,16,36,18,32,24,3,12,7,19,59,32,35,15,10,12,20,11,7
2023-02-18,NJIT,Mount St. Mary's,Home,L,10,13,NA,10,6,16,42,25,25,13,6,13,7,20,55,31,29,14,7,13,18,10,15
2023-02-21,NJIT,Monmouth,Away,L,9,14,NA,9,3,12,27,15,32,23,7,14,3,17,44,25,40,17,15,14,11,9,6
2023-02-25,NJIT,Manhattan,Away,L,8,11,NA,8,2,10,33,17,24,17,4,11,8,19,39,27,33,16,7,11,16,8,9
2023-03-04,NJIT,Wagner,Home,L,10,8,NA,10,6,16,39,29,34,17,9,8,2,10,41,20,15,19,4,8,12,10,19
2023-03-11,NJIT,Lindenwood,Home,W,14,13,NA,14,10,24,46,26,30,23,10,13,7,20,60,31,31,12,15,13,18,14,12
2023-03-18,NJIT,Vermont,Home,L,10,16,NA,10,5,15,27,20,22,20,9,16,13,29,51,29,29,15,9,16,13,10,10
2023-03-25,NJIT,Binghamton,Away,W,16,17,NA,16,11,27,42,33,27,16,11,17,9,26,47,28,37,15,8,17,11,16,17
2023-04-01,NJIT,Bryant,Home,W,8,16,NA,8,7,15,37,25,25,27,8,16,7,23,51,34,42,17,17,16,18,8,17
2023-04-08,NJIT,Merrimack,Away,W,12,15,NA,12,7,19,34,21,29,24,7,15,3,18,44,27,33,15,10,15,12,12,9
2023-04-15,NJIT,UAlbany,Away,L,7,13,NA,7,3,10,31,16,37,21,4,13,5,18,51,29,37,18,10,13,16,7,9
2023-04-22,NJIT,UMBC,Home,L,10,12,NA,10,4,14,43,21,16,20,6,12,6,18,36,26,28,12,9,12,14,10,11
2023-04-29,NJIT,UMass Lowell,Away,L,11,10,1,11,2,13,44,21,30,20,9,10,4,14,40,23,26,14,6,10,13,11,10
2023-02-04,Navy,Mount St. Mary's,Home,L,13,7,NA,13,5,18,53,24,32,15,9,7,5,12,28,20,28,25,4,7,13,13,11
2023-02-05,Navy,Queens (NC),Home,L,19,5,NA,19,11,30,55,28,45,21,9,5,4,9,32,14,31,22,8,5,9,19,9
2023-02-11,Navy,Hofstra,Away,L,13,12,NA,13,8,21,33,23,17,14,2,12,6,18,43,26,37,14,7,12,14,13,10
2023-02-18,Navy,Manhattan,Home,L,5,6,NA,5,1,6,47,27,35,8,5,6,4,10,31,16,22,16,1,6,10,5,22
2023-02-25,Navy,High Point,Away,W,13,14,NA,13,10,23,44,23,37,18,8,14,6,20,40,20,26,18,9,14,6,13,10
2023-03-04,Navy,Lehigh,Home,L,10,13,NA,10,6,16,54,26,29,18,12,13,10,23,38,23,31,19,7,13,10,10,16
2023-03-11,Navy,Colgate,Away,L,8,17,NA,8,4,12,49,29,26,16,5,17,7,24,39,21,24,16,7,17,4,8,21
2023-03-17,Navy,Johns Hopkins,Home,W,9,12,NA,9,6,15,38,22,29,16,4,12,8,20,39,25,27,20,5,12,13,9,13
2023-03-21,Navy,Villanova,Away,L,6,17,NA,6,2,8,35,18,28,19,9,17,13,30,44,26,28,17,8,17,9,6,12
2023-03-25,Navy,Holy Cross,Away,W,13,8,NA,13,7,20,58,31,36,18,10,8,5,13,28,20,24,19,4,8,12,13,18
2023-03-31,Navy,Boston U.,Home,L,10,8,NA,10,8,18,41,28,44,13,7,8,6,14,42,19,29,17,6,8,11,10,18
2023-04-07,Navy,Loyola Maryland,Away,L,11,10,NA,11,10,21,45,21,31,17,9,10,4,14,54,33,42,16,11,10,23,11,10
2023-04-15,Navy,Lafayette,Home,W,9,6,NA,9,5,14,49,21,31,9,4,6,2,8,32,12,24,11,3,6,6,9,12
2023-04-22,Navy,Army West Point,Home,W,6,11,NA,6,4,10,34,16,26,14,7,11,4,15,39,26,38,14,7,11,15,6,10
2023-04-28,Navy,Bucknell,Away,W,12,9,NA,12,7,19,49,23,41,22,10,9,5,14,37,23,25,15,8,9,14,12,11
2023-05-02,Navy,Loyola Maryland,Home,W,7,12,NA,7,6,13,43,25,34,17,5,12,6,18,37,23,30,12,6,12,11,7,18
2023-02-10,North Carolina,Mercer,Home,L,25,3,NA,25,15,40,50,38,42,15,12,3,1,4,38,14,38,28,1,3,11,25,13
2023-02-14,North Carolina,Johns Hopkins,Away,W,11,7,NA,11,6,17,44,26,35,18,7,7,3,10,32,21,31,17,8,7,14,11,15
2023-02-19,North Carolina,Ohio St.,Away,W,5,8,NA,5,1,6,42,17,25,16,9,8,4,12,32,21,24,16,4,8,13,5,12
2023-02-25,North Carolina,Syracuse,Away,L,19,13,NA,19,10,29,50,36,36,12,8,13,9,22,41,25,22,12,8,13,12,19,17
2023-03-04,North Carolina,Denver,Home,L,8,9,NA,8,6,14,32,15,26,19,10,9,3,12,31,17,29,21,4,9,8,8,7
2023-03-11,North Carolina,Brown,Home,L,19,6,NA,19,13,32,53,34,37,16,13,6,0,6,42,16,33,19,4,6,10,19,15
2023-03-17,North Carolina,Duke,Away,L,8,15,NA,8,2,10,33,22,32,15,7,15,8,23,39,23,35,22,6,15,8,8,14
2023-03-19,North Carolina,Dartmouth,Home,L,25,7,NA,25,22,47,47,35,41,12,13,7,4,11,25,14,29,29,1,7,7,25,10
2023-03-22,North Carolina,High Point,Home,L,16,9,NA,16,9,25,40,33,40,15,14,9,4,13,42,23,35,23,7,9,14,16,17
2023-03-25,North Carolina,Providence,Home,L,25,8,NA,25,14,39,46,32,38,13,10,8,6,14,32,19,35,20,5,8,11,25,7
2023-04-07,North Carolina,Virginia,Home,L,12,19,NA,12,8,20,47,25,28,15,5,19,13,32,36,26,42,18,7,19,7,12,13
2023-04-15,North Carolina,Syracuse Good Counsel HS,Away,W,14,15,NA,14,6,20,50,27,49,18,15,15,7,22,36,23,35,16,12,15,8,14,13
2023-04-22,North Carolina,Notre Dame,Away,L,9,16,NA,9,6,15,47,26,28,18,4,16,9,25,48,25,30,10,13,16,9,9,17
2023-05-06,North Carolina,Notre Dame,Home,W,9,18,NA,9,6,15,41,23,31,19,5,18,11,29,51,30,41,12,12,18,12,9,14
2023-02-15,Notre Dame,Marquette,Home,W,21,10,NA,21,14,35,53,31,37,14,10,10,8,18,31,20,23,18,6,10,10,21,10
2023-02-19,Notre Dame,Cleveland St.,Home,L,18,8,NA,18,13,31,48,34,47,13,12,8,4,12,34,17,27,21,4,8,9,18,16
2023-02-25,Notre Dame,Georgetown,Away,W,15,8,NA,15,7,22,48,28,32,20,10,8,4,12,34,18,36,17,9,8,10,15,13
2023-03-04,Notre Dame,Maryland,Away,L,13,12,3,13,4,17,39,25,31,14,11,12,9,21,55,26,46,20,9,12,14,13,12
2023-03-11,Notre Dame,Ohio St.,Home,L,16,3,NA,16,9,25,43,30,37,11,14,3,1,4,32,17,24,20,5,3,14,16,14
2023-03-18,Notre Dame,Michigan,Away,W,18,8,NA,18,8,26,45,25,29,10,7,8,6,14,40,23,27,14,6,8,15,18,7
2023-03-25,Notre Dame,Virginia,Home,L,10,15,NA,10,6,16,45,24,27,16,12,15,10,25,49,28,33,17,10,15,13,10,14
2023-04-01,Notre Dame,Syracuse,Away,L,20,12,NA,20,10,30,45,32,33,12,5,12,6,18,43,23,19,9,5,12,11,20,12
2023-04-08,Notre Dame,Duke,Home,W,17,12,NA,17,10,27,39,27,33,9,8,12,6,18,41,27,34,14,6,12,15,17,10
2023-04-22,Notre Dame,North Carolina,Home,L,16,9,NA,16,9,25,48,25,30,10,13,9,6,15,47,26,28,18,4,9,17,16,9
2023-04-30,Notre Dame,Virginia,Away,L,8,12,NA,8,5,13,41,27,40,12,11,12,10,22,48,24,40,18,7,12,12,8,19
2023-05-06,Notre Dame,North Carolina,Away,W,18,9,NA,18,11,29,51,30,41,12,12,9,6,15,41,23,31,19,5,9,14,18,12
2023-05-13,Notre Dame,Utah,Home,L,20,7,NA,20,11,31,49,29,40,14,9,7,2,9,37,24,27,12,9,7,17,20,9
2023-05-21,Notre Dame,"Johns Hopkins Annapolis, Md.",Away,W,12,9,NA,12,6,18,43,18,25,16,6,9,5,14,31,19,27,14,4,9,10,12,6
2023-05-27,Notre Dame,"Virginia Philadelphia, Pa.",Away,L,13,12,1,13,4,17,49,30,42,10,7,12,6,18,37,23,30,15,8,12,11,13,17
2023-05-29,Notre Dame,"Duke Philadelphia, Pa.",Away,W,13,9,NA,13,6,19,40,23,37,14,8,9,4,13,47,27,36,11,11,9,18,13,10
2023-02-04,Ohio St.,Air Force,Home,L,15,7,NA,15,8,23,36,22,35,17,6,7,3,10,26,15,23,10,9,7,8,15,7
2023-02-11,Ohio St.,Cleveland St.,Home,W,19,12,NA,19,8,27,42,28,41,13,6,12,5,17,31,19,26,18,4,12,7,19,9
2023-02-19,Ohio St.,North Carolina,Home,W,8,5,NA,8,4,12,32,21,24,16,4,5,1,6,42,17,25,16,9,5,12,8,13
2023-02-25,Ohio St.,"Virginia Naples, Fla.",Away,L,6,17,NA,6,5,11,33,14,30,23,7,17,12,29,45,29,31,12,12,17,12,6,8
2023-03-04,Ohio St.,Cornell,Home,L,13,16,NA,13,7,20,39,21,32,21,5,16,8,24,60,31,36,12,14,16,15,13,8
2023-03-11,Ohio St.,Notre Dame,Away,L,3,16,NA,3,1,4,32,17,24,20,5,16,9,25,43,30,37,11,14,16,14,3,14
2023-03-14,Ohio St.,Detroit Mercy,Home,L,19,6,NA,19,11,30,52,31,31,15,9,6,3,9,26,10,26,18,5,6,4,19,12
2023-03-19,Ohio St.,Denver,Away,W,12,17,NA,12,7,19,37,20,26,15,5,17,10,27,38,28,30,13,7,17,11,12,8
2023-03-26,Ohio St.,Rutgers,Home,L,11,7,NA,11,6,17,37,18,29,14,5,7,4,11,43,24,23,10,7,7,17,11,7
2023-04-02,Ohio St.,Penn St.,Away,L,9,17,NA,9,5,14,30,21,30,19,9,17,10,27,41,26,40,18,12,17,9,9,12
2023-04-07,Ohio St.,Maryland,Home,L,11,12,1,11,5,16,33,20,30,10,5,12,5,17,38,20,32,14,4,12,8,11,9
2023-04-15,Ohio St.,Johns Hopkins,Away,L,8,17,NA,8,3,11,28,16,23,17,5,17,12,29,39,28,33,17,7,17,11,8,8
2023-04-21,Ohio St.,Michigan,Away,W,14,19,NA,14,4,18,34,20,18,9,6,19,8,27,49,34,47,11,1,19,15,14,6
2023-04-29,Ohio St.,Michigan,Away,W,10,14,NA,10,3,13,45,24,31,7,7,14,9,23,40,21,28,12,4,14,7,10,14
2023-02-18,Penn,Georgetown,Away,L,9,7,NA,9,6,15,39,22,18,17,7,7,4,11,37,25,27,16,9,7,18,9,13
2023-02-25,Penn,Duke,Home,L,12,14,NA,12,9,21,56,31,31,10,2,14,8,22,37,24,30,13,5,14,10,12,19
2023-03-04,Penn,Penn St.,Away,L,9,15,NA,9,5,14,36,18,22,10,5,15,3,18,53,31,40,9,5,15,16,9,9
2023-03-08,Penn,Saint Joseph's,Away,L,13,12,1,13,10,23,31,19,25,15,6,12,7,19,41,26,28,12,6,12,14,13,6
2023-03-11,Penn,Villanova,Home,L,8,9,NA,8,6,14,26,19,21,15,3,9,4,13,48,30,30,14,10,9,21,8,11
2023-03-18,Penn,Princeton,Home,W,9,8,1,9,5,14,47,26,27,17,4,8,5,13,39,18,31,15,10,8,10,9,17
2023-03-26,Penn,Cornell,Away,W,12,18,NA,12,4,16,32,24,31,11,7,18,8,26,41,26,37,16,5,18,8,12,12
2023-04-01,Penn,Yale,Home,W,17,16,NA,17,7,24,55,30,31,17,10,16,7,23,52,28,30,16,12,16,12,17,13
2023-04-08,Penn,Brown,Away,W,11,12,NA,11,8,19,41,23,32,14,6,12,8,20,41,24,32,8,7,12,12,11,12
2023-04-15,Penn,Harvard,Away,W,15,9,NA,15,11,26,34,26,40,20,9,9,5,14,46,25,33,16,11,9,16,15,11
2023-04-22,Penn,Dartmouth,Home,L,17,6,NA,17,12,29,45,25,25,14,9,6,5,11,30,21,29,19,9,6,15,17,8
2023-04-26,Penn,UAlbany,Away,L,14,11,NA,14,7,21,36,23,38,23,7,11,6,17,34,21,36,13,9,11,10,14,9
2023-05-05,Penn,Princeton Robert K Kraft Field,Away,W,8,9,NA,8,8,16,35,23,20,16,1,9,7,16,46,25,28,11,9,9,16,8,15
2023-02-04,Penn St.,Lafayette,Home,W,21,11,NA,21,13,34,50,36,46,21,14,11,3,14,43,32,38,20,8,11,21,21,15
2023-02-12,Penn St.,Villanova,Away,W,12,14,NA,12,8,20,45,30,39,24,7,14,8,22,42,26,33,13,14,14,12,12,18
2023-02-18,Penn St.,Stony Brook,Home,W,17,12,NA,17,11,28,39,26,30,19,10,12,3,15,35,21,29,19,5,12,9,17,9
2023-02-25,Penn St.,Yale,Away,L,13,11,NA,13,9,22,42,25,34,19,7,11,6,17,34,26,36,17,8,11,15,13,12
2023-03-04,Penn St.,Penn,Home,L,15,9,NA,15,3,18,53,31,40,9,5,9,5,14,36,18,22,10,5,9,9,15,16
2023-03-11,Penn St.,Cornell,Away,W,10,6,NA,10,8,18,51,31,26,12,8,6,2,8,41,22,34,16,4,6,16,10,21
2023-03-18,Penn St.,"Marquette Levittown,N.Y",Away,W,11,12,NA,11,7,18,38,20,28,17,7,12,6,18,34,23,34,20,8,12,11,11,9
2023-03-25,Penn St.,Maryland,Away,W,10,13,NA,10,5,15,32,19,18,11,6,13,8,21,51,26,38,15,8,13,13,10,9
2023-04-02,Penn St.,Ohio St.,Home,L,17,9,NA,17,10,27,41,26,40,18,12,9,5,14,30,21,30,19,9,9,12,17,9
2023-04-08,Penn St.,Johns Hopkins,Home,W,12,11,2,12,7,19,32,20,44,22,4,11,5,16,42,28,28,14,5,11,17,12,8
2023-04-16,Penn St.,Michigan,Away,W,11,9,NA,11,6,17,39,19,23,15,5,9,4,13,46,26,33,13,10,9,17,11,8
2023-04-21,Penn St.,Rutgers,Home,L,14,5,NA,14,9,23,35,22,24,20,8,5,3,8,46,23,35,14,10,5,18,14,8
2023-05-04,Penn St.,"Michigan Baltimore, MD",Away,W,15,17,NA,15,8,23,42,28,19,11,5,17,7,24,53,35,37,15,4,17,18,15,13
2023-05-14,Penn St.,Princeton,Home,W,13,12,NA,13,7,20,35,21,33,17,5,12,3,15,46,28,40,12,8,12,16,13,8
2023-05-21,Penn St.,"Army West Point Annapolis, Md.",Away,W,10,9,NA,10,5,15,27,18,37,18,6,9,2,11,43,20,39,17,8,9,11,10,8
2023-05-27,Penn St.,"Duke Philadelphia, Pa.",Away,W,15,16,1,15,13,28,29,21,32,17,7,16,6,22,41,28,33,15,8,16,12,15,6
2023-02-18,Princeton,Monmouth,Home,L,22,9,NA,22,14,36,55,36,32,11,6,9,3,12,37,20,30,11,4,9,11,22,14
2023-02-21,Princeton,Manhattan,Home,L,14,9,NA,14,8,22,46,31,35,13,7,9,7,16,36,22,33,16,5,9,13,14,17
2023-02-25,Princeton,Maryland,Home,W,5,11,NA,5,4,9,38,19,23,16,8,11,9,20,45,27,32,16,12,11,16,5,14
2023-03-04,Princeton,Georgetown,Home,L,10,13,NA,10,8,18,42,25,24,16,7,13,6,19,46,30,37,13,5,13,17,10,15
2023-03-11,Princeton,Rutgers,Away,W,13,14,1,13,8,21,38,26,29,15,7,14,9,23,53,29,38,12,10,14,15,13,13
2023-03-18,Princeton,Penn,Away,W,8,9,1,8,5,13,39,18,31,15,10,9,5,14,47,26,27,17,4,9,17,8,10
2023-03-25,Princeton,Yale,Home,W,23,10,NA,23,13,36,66,36,38,15,13,10,7,17,43,24,37,22,5,10,14,23,13
2023-04-01,Princeton,Brown,Home,W,16,12,NA,16,11,27,45,27,37,14,13,12,6,18,61,25,38,17,9,12,13,16,11
2023-04-08,Princeton,Syracuse,Home,L,13,16,NA,13,8,21,47,30,33,9,8,16,11,27,50,31,37,16,6,16,15,13,17
2023-04-15,Princeton,Dartmouth,Away,W,17,7,NA,17,13,30,52,37,36,11,9,7,4,11,34,23,34,15,6,7,16,17,20
2023-04-22,Princeton,Harvard,Home,W,17,11,NA,17,7,24,50,29,44,15,2,11,5,16,45,32,29,5,10,11,21,17,12
2023-04-29,Princeton,Cornell,Away,W,13,14,1,13,7,20,43,25,29,14,11,14,7,21,50,28,49,17,11,14,14,13,12
2023-05-05,Princeton,Penn Robert K Kraft Field,Away,L,9,8,NA,9,7,16,46,25,28,11,9,8,8,16,35,23,20,16,1,8,15,9,16
2023-05-07,Princeton,Yale Robert K Kraft Field,Away,L,19,10,NA,19,14,33,51,32,38,10,8,10,6,16,55,28,32,10,5,10,18,19,13
2023-05-14,Princeton,Penn St.,Away,W,12,13,NA,12,3,15,46,28,40,12,8,13,7,20,35,21,33,17,5,13,8,12,16
2023-02-05,Providence,Holy Cross,Home,L,12,9,NA,12,6,18,40,22,29,24,9,9,4,13,35,24,39,21,6,9,15,12,10
2023-02-11,Providence,Bryant,Away,W,14,15,NA,14,7,21,31,23,19,16,9,15,10,25,52,33,40,17,7,15,18,14,9
2023-02-18,Providence,Siena,Home,W,18,11,NA,18,8,26,37,30,28,13,4,11,6,17,49,28,34,11,5,11,17,18,12
2023-02-21,Providence,Brown,Away,L,7,13,NA,7,6,13,32,16,11,15,3,13,8,21,49,29,28,15,4,13,16,7,9
2023-02-25,Providence,Saint Joseph's,Away,L,6,19,NA,6,4,10,25,12,14,16,3,19,8,27,58,38,42,16,5,19,19,6,6
2023-03-04,Providence,Fairfield,Home,W,17,10,NA,17,8,25,47,33,30,13,4,10,4,14,34,15,30,21,4,10,5,17,16
2023-03-11,Providence,Stony Brook,Home,L,10,9,1,10,7,17,41,24,21,15,5,9,1,10,41,28,29,11,5,9,19,10,14
2023-03-18,Providence,"Hobart Sparks, Md.",Away,W,11,13,NA,11,6,17,36,23,24,24,4,13,3,16,57,26,26,12,6,13,13,11,12
2023-03-25,Providence,North Carolina,Away,L,8,25,NA,8,6,14,32,19,35,20,5,25,14,39,46,32,38,13,10,25,7,8,11
2023-04-01,Providence,Marquette,Home,W,16,14,NA,16,9,25,38,25,26,15,4,14,7,21,53,33,35,7,5,14,19,16,9
2023-04-08,Providence,Georgetown,Away,W,11,13,NA,11,6,17,28,15,27,14,5,13,8,21,56,36,61,12,9,13,23,11,4
2023-04-15,Providence,Villanova,Home,W,8,20,NA,8,6,14,34,22,31,16,5,20,13,33,45,35,38,14,4,20,15,8,14
2023-04-21,Providence,Denver,Away,L,6,13,NA,6,4,10,23,11,27,19,7,13,12,25,32,20,34,14,8,13,7,6,5
2023-04-29,Providence,St. John's (NY),Home,W,12,11,1,12,10,22,55,35,37,16,4,11,6,17,37,17,25,21,10,11,6,12,23
2023-05-04,Providence,"Georgetown Milwaukee, Wis.",Away,L,8,19,NA,8,1,9,40,24,24,14,9,19,13,32,40,27,36,16,4,19,8,8,16
2023-02-05,Queens (NC),Navy,Away,L,5,19,NA,5,4,9,32,14,31,22,8,19,11,30,55,28,45,21,9,19,9,5,9
2023-02-10,Queens (NC),VMI,Home,W,9,10,2,9,5,14,47,31,31,13,12,10,6,16,36,18,36,23,6,10,8,9,22
2023-02-19,Queens (NC),Hampton,Away,L,17,10,NA,17,11,28,33,30,49,23,24,10,7,17,37,15,47,30,15,10,5,17,13
2023-02-25,Queens (NC),"Wagner Towson, Md.",Away,L,9,13,NA,9,3,12,31,20,31,19,8,13,8,21,43,23,35,16,10,13,10,9,11
2023-03-07,Queens (NC),High Point,Away,L,6,22,NA,6,6,12,17,9,24,23,5,22,14,36,58,36,51,15,12,22,14,6,3
2023-03-18,Queens (NC),Air Force,Home,W,6,18,NA,6,3,9,21,11,34,28,11,18,7,25,39,25,38,20,10,18,7,6,5
2023-03-25,Queens (NC),Bellarmine,Away,W,12,24,NA,12,7,19,32,22,28,25,11,24,13,37,53,38,34,21,10,24,14,12,10
2023-03-29,Queens (NC),Lindenwood,Away,L,6,15,NA,6,5,11,40,19,25,24,5,15,7,22,57,28,43,20,10,15,13,6,13
2023-04-01,Queens (NC),Detroit Mercy,Home,W,9,5,NA,9,5,14,40,20,17,17,11,5,0,5,42,21,20,16,9,5,16,9,11
2023-04-08,Queens (NC),Jacksonville,Away,L,5,25,NA,5,3,8,22,14,19,14,2,25,20,45,80,51,50,10,11,25,26,5,9
2023-04-12,Queens (NC),Cleveland St.,Home,L,12,13,NA,12,7,19,33,22,25,19,6,13,6,19,36,27,28,14,9,13,14,12,10
2023-04-15,Queens (NC),Robert Morris,Home,L,10,14,NA,10,5,15,27,21,31,18,6,14,9,23,48,28,34,17,7,14,14,10,11
2023-04-22,Queens (NC),Mercer,Away,L,5,18,NA,5,2,7,31,14,21,22,7,18,11,29,51,35,23,16,11,18,17,5,9
2023-04-29,Queens (NC),Utah,Home,W,6,18,NA,6,4,10,31,19,28,18,8,18,9,27,65,39,41,14,12,18,21,6,13
2023-02-11,Quinnipiac,UMass Lowell,Home,W,21,12,NA,21,16,37,44,29,28,13,4,12,5,17,29,21,19,10,6,12,9,21,8
2023-02-18,Quinnipiac,Brown,Away,L,11,10,NA,11,7,18,39,23,26,22,4,10,8,18,48,31,30,14,10,10,21,11,12
2023-02-25,Quinnipiac,Bryant,Home,L,12,19,NA,12,6,18,43,27,35,22,6,19,6,25,50,37,39,11,9,19,18,12,15
2023-03-05,Quinnipiac,Merrimack,Home,W,8,16,NA,8,7,15,46,26,25,16,3,16,9,25,41,30,23,11,6,16,14,8,18
2023-03-11,Quinnipiac,Canisius,Home,W,13,12,NA,13,7,20,48,29,31,8,6,12,6,18,34,24,26,10,2,12,12,13,16
2023-03-18,Quinnipiac,Wagner,Away,W,11,12,3,11,5,16,39,23,16,18,8,12,5,17,48,28,17,11,7,12,16,11,12
2023-03-25,Quinnipiac,Marist,Home,W,14,12,NA,14,9,23,37,24,28,18,6,12,7,19,45,25,26,16,8,12,13,14,10
2023-03-29,Quinnipiac,Manhattan,Home,W,5,12,NA,5,2,7,30,13,24,17,2,12,7,19,37,27,23,10,4,12,15,5,8
2023-04-01,Quinnipiac,Mount St. Mary's,Away,W,11,18,NA,11,8,19,32,18,26,18,10,18,12,30,51,26,44,19,11,18,8,11,7
2023-04-08,Quinnipiac,Siena,Home,W,14,12,NA,14,7,21,48,29,36,16,6,12,7,19,46,29,22,13,4,12,17,14,15
2023-04-12,Quinnipiac,Sacred Heart,Away,W,11,13,NA,11,6,17,51,24,34,16,4,13,8,21,37,20,15,18,7,13,7,11,13
2023-04-15,Quinnipiac,VMI,Away,L,14,13,NA,14,8,22,46,28,26,12,1,13,9,22,42,25,21,8,8,13,12,14,14
2023-04-22,Quinnipiac,LIU,Home,W,19,13,NA,19,12,31,61,33,34,11,9,13,6,19,45,21,22,13,5,13,8,19,14
2023-04-29,Quinnipiac,Marist,Away,W,19,29,NA,19,12,31,38,25,35,17,6,29,17,46,56,40,54,12,14,29,11,19,6
2023-02-04,Richmond,Maryland,Away,L,4,15,NA,4,1,5,42,19,30,16,7,15,11,26,34,24,35,16,12,15,9,4,15
2023-02-18,Richmond,Bucknell,Home,L,18,5,NA,18,14,32,43,25,35,16,10,5,3,8,31,16,26,14,11,5,11,18,7
2023-02-24,Richmond,Towson,Home,L,10,7,NA,10,9,19,35,22,31,18,13,7,2,9,31,16,22,20,8,7,9,10,12
2023-02-26,Richmond,Fairfield,Home,L,10,8,NA,10,9,19,39,21,24,15,7,8,3,11,26,16,20,18,6,8,8,10,11
2023-03-04,Richmond,Virginia,Away,L,8,25,NA,8,4,12,28,18,24,15,8,25,14,39,51,33,53,15,5,25,8,8,10
2023-03-07,Richmond,Mercer,Home,L,11,6,NA,11,6,17,32,23,26,16,10,6,4,10,28,16,26,20,8,6,10,11,12
2023-03-11,Richmond,Georgetown,Away,W,12,13,NA,12,6,18,28,17,35,26,7,13,5,18,47,32,41,11,14,13,19,12,5
2023-03-25,Richmond,St. John's (NY),Away,W,11,8,NA,11,8,19,39,24,36,20,11,8,4,12,36,19,27,17,8,8,11,11,13
2023-04-01,Richmond,Saint Joseph's,Away,W,12,14,NA,12,7,19,45,25,27,12,9,14,5,19,41,24,32,17,5,14,10,12,13
2023-04-08,Richmond,Massachusetts,Home,W,13,12,NA,13,7,20,48,23,33,15,13,12,7,19,29,21,32,18,8,12,9,13,10
2023-04-15,Richmond,High Point,Home,L,13,9,NA,13,6,19,44,27,31,12,12,9,7,16,37,24,22,17,7,9,15,13,14
2023-04-22,Richmond,Hobart,Away,L,20,15,NA,20,14,34,51,32,41,13,9,15,8,23,47,32,28,14,4,15,17,20,12
2023-04-29,Richmond,St. Bonaventure,Home,W,26,10,NA,26,13,39,57,39,39,14,11,10,4,14,34,23,23,15,8,10,13,26,13
2023-05-04,Richmond,Massachusetts,Home,L,15,8,NA,15,6,21,45,31,27,12,10,8,3,11,30,19,26,19,2,8,11,15,16
2023-05-06,Richmond,High Point,Home,L,15,8,NA,15,6,21,40,24,24,13,7,8,5,13,33,23,28,20,3,8,15,15,9
2023-05-13,Richmond,Virginia,Away,L,8,17,NA,8,4,12,35,17,28,15,8,17,11,28,33,27,33,19,6,17,10,8,9
2023-02-11,Robert Morris,Bucknell,Away,W,12,9,NA,12,6,18,35,17,37,22,8,9,9,18,37,25,34,15,14,9,16,12,5
2023-02-21,Robert Morris,St. Bonaventure,Home,L,15,6,NA,15,11,26,46,22,35,17,10,6,4,10,30,20,23,19,6,6,14,15,7
2023-02-26,Robert Morris,Canisius,Away,W,13,8,NA,13,9,22,47,29,36,18,6,8,3,11,34,18,38,25,6,8,10,13,16
2023-03-04,Robert Morris,Hobart,Home,L,12,14,NA,12,8,20,39,21,20,9,4,14,7,21,45,22,21,13,2,14,8,12,9
2023-03-11,Robert Morris,High Point,Away,W,14,16,NA,14,8,22,37,26,26,11,9,16,10,26,49,28,42,16,7,16,12,14,12
2023-03-18,Robert Morris,Jacksonville,Home,W,6,12,NA,6,3,9,28,17,30,23,10,12,8,20,51,22,30,24,10,12,10,6,11
2023-03-25,Robert Morris,Cleveland St.,Home,L,11,6,NA,11,10,21,38,23,39,19,9,6,5,11,38,22,21,21,8,6,16,11,12
2023-03-29,Robert Morris,Detroit Mercy,Away,L,8,14,NA,8,7,15,30,16,29,21,5,14,5,19,47,27,33,11,9,14,13,8,8
2023-04-01,Robert Morris,Mercer,Away,W,8,9,NA,8,5,13,33,20,21,15,2,9,5,14,48,29,23,7,10,9,20,8,12
2023-04-08,Robert Morris,Utah,Home,L,16,26,NA,16,6,22,37,27,43,12,5,26,12,38,72,46,51,15,9,26,20,16,11
2023-04-12,Robert Morris,Bellarmine,Home,W,21,13,NA,21,16,37,59,41,40,11,8,13,6,19,37,21,21,13,4,13,8,21,20
2023-04-15,Robert Morris,Queens (NC),Away,L,14,10,NA,14,9,23,48,28,34,17,7,10,5,15,27,21,31,18,6,10,11,14,14
2023-04-22,Robert Morris,Lindenwood,Home,W,18,12,NA,18,12,30,56,36,58,24,13,12,5,17,29,21,26,19,10,12,9,18,18
2023-04-29,Robert Morris,Air Force,Away,L,5,13,NA,5,2,7,23,13,25,21,9,13,7,20,53,28,31,12,15,13,15,5,8
2023-05-02,Robert Morris,"Jacksonville Moon Township, Pa.",Away,L,9,8,NA,9,5,14,41,22,29,21,7,8,5,13,42,18,26,21,10,8,10,9,13
2023-05-05,Robert Morris,"Air Force Moon Township, Pa.",Away,L,4,12,NA,4,1,5,34,23,25,13,6,12,6,18,46,27,19,14,3,12,15,4,19
2023-02-04,Rutgers,Marist,Home,L,20,8,NA,20,11,31,66,33,44,13,9,8,4,12,31,20,26,14,4,8,12,20,13
2023-02-11,Rutgers,Stony Brook,Home,L,11,7,NA,11,4,15,49,34,33,12,13,7,6,13,32,14,26,21,4,7,7,11,23
2023-02-18,Rutgers,Army West Point,Away,W,13,14,NA,13,3,16,35,24,27,13,2,14,6,20,40,25,31,15,7,14,11,13,11
2023-02-25,Rutgers,Loyola Maryland,Home,L,10,6,NA,10,7,17,40,24,26,11,7,6,4,10,35,22,27,11,6,6,16,10,14
2023-02-28,Rutgers,St. John's (NY),Home,L,20,6,NA,20,15,35,48,33,38,9,6,6,3,9,28,17,31,17,3,6,11,20,13
2023-03-04,Rutgers,Utah,Home,W,18,14,NA,18,7,25,45,33,42,18,11,14,8,22,49,27,43,21,6,14,13,18,15
2023-03-11,Rutgers,Princeton,Home,W,14,13,1,14,9,23,53,29,38,12,10,13,8,21,38,26,29,15,7,13,13,14,15
2023-03-18,Rutgers,Massachusetts,Away,W,11,5,NA,11,5,16,53,31,36,12,7,5,1,6,32,17,22,16,7,5,12,11,20
2023-03-26,Rutgers,Ohio St.,Away,L,7,11,NA,7,4,11,43,24,23,10,7,11,6,17,37,18,29,14,5,11,7,7,17
2023-04-01,Rutgers,Johns Hopkins,Away,W,12,16,NA,12,5,17,48,26,37,14,6,16,8,24,38,25,25,14,9,16,9,12,14
2023-04-07,Rutgers,Michigan,Home,W,13,12,1,13,4,17,47,27,26,6,12,12,8,20,32,23,33,16,2,12,11,13,14
2023-04-16,Rutgers,Maryland,Home,W,8,11,NA,8,7,15,36,20,25,14,10,11,8,19,30,23,27,20,5,11,12,8,12
2023-04-21,Rutgers,Penn St.,Away,L,5,14,NA,5,3,8,46,23,35,14,10,14,9,23,35,22,24,20,8,14,8,5,18
2023-04-29,Rutgers,Maryland,Away,W,11,14,NA,11,6,17,32,21,21,9,7,14,13,27,36,27,36,19,6,14,13,11,10
2023-02-11,Sacred Heart,Saint Joseph's,Away,L,5,17,NA,5,2,7,21,10,23,17,8,17,6,23,50,32,37,14,10,17,15,5,5
2023-02-18,Sacred Heart,Lafayette,Away,L,8,15,NA,8,4,12,35,17,26,18,2,15,8,23,38,23,28,10,10,15,8,8,9
2023-02-22,Sacred Heart,Fairfield,Away,L,5,17,NA,5,1,6,23,14,22,20,3,17,11,28,47,32,38,18,9,17,15,5,9
2023-02-26,Sacred Heart,Stony Brook,Away,W,12,15,NA,12,6,18,36,20,28,18,8,15,9,24,41,33,30,13,8,15,18,12,8
2023-03-04,Sacred Heart,Drexel,Home,L,11,12,NA,11,7,18,38,27,25,16,7,12,7,19,39,29,23,13,8,12,17,11,16
2023-03-11,Sacred Heart,Siena,Away,L,8,11,NA,8,4,12,34,21,25,21,5,11,8,19,42,27,29,15,9,11,16,8,13
2023-03-18,Sacred Heart,Manhattan,Away,W,7,9,NA,7,3,10,25,13,21,15,3,9,4,13,43,18,23,12,11,9,9,7,6
2023-03-25,Sacred Heart,VMI,Home,L,16,4,NA,16,9,25,46,31,42,15,8,4,1,5,39,17,22,14,6,4,13,16,15
2023-03-29,Sacred Heart,Marist,Away,L,9,13,NA,9,6,15,35,19,26,22,5,13,8,21,41,25,40,14,10,13,12,9,10
2023-04-01,Sacred Heart,LIU,Home,L,10,9,NA,10,5,15,40,19,31,18,6,9,4,13,45,27,30,14,2,9,18,10,9
2023-04-08,Sacred Heart,Wagner,Away,W,13,9,NA,13,5,18,36,27,24,15,5,9,3,12,34,20,22,15,4,9,11,13,14
2023-04-12,Sacred Heart,Quinnipiac,Home,W,13,11,NA,13,8,21,37,20,15,18,7,11,6,17,51,24,34,16,4,11,13,13,7
2023-04-15,Sacred Heart,Mount St. Mary's,Home,L,12,13,NA,12,7,19,32,18,27,16,7,13,11,24,55,25,38,17,8,13,12,12,6
2023-04-22,Sacred Heart,Canisius,Home,L,15,8,NA,15,11,26,53,26,30,16,5,8,4,12,36,18,24,17,9,8,10,15,11
2023-04-29,Sacred Heart,Siena,Away,W,11,13,NA,11,7,18,24,14,21,20,6,13,6,19,46,26,33,9,11,13,13,11,3
2023-02-11,Saint Joseph's,Sacred Heart,Home,L,17,5,NA,17,6,23,50,32,37,14,10,5,2,7,21,10,23,17,8,5,5,17,15
2023-02-18,Saint Joseph's,Towson,Away,L,16,13,NA,16,8,24,40,25,34,15,6,13,9,22,37,20,27,17,9,13,7,16,9
2023-02-25,Saint Joseph's,Providence,Home,L,19,6,NA,19,8,27,58,38,42,16,5,6,4,10,25,12,14,16,3,6,6,19,19
2023-03-04,Saint Joseph's,Johns Hopkins,Away,W,14,15,NA,14,4,18,43,25,26,14,11,15,12,27,31,21,30,21,11,15,6,14,11
2023-03-08,Saint Joseph's,Penn,Home,L,12,13,1,12,7,19,41,26,28,12,6,13,10,23,31,19,25,15,6,13,6,12,14
2023-03-11,Saint Joseph's,"Drexel Philadelphia, Pa.",Away,W,16,18,NA,16,5,21,57,32,44,15,7,18,9,27,33,25,33,18,6,18,7,16,16
2023-03-18,Saint Joseph's,St. John's (NY),Away,L,16,10,NA,16,7,23,38,32,35,20,7,10,7,17,46,18,21,25,11,10,8,16,16
2023-03-25,Saint Joseph's,Duke,Home,W,9,12,NA,9,5,14,38,18,15,17,6,12,6,18,41,25,27,12,10,12,13,9,9
2023-04-01,Saint Joseph's,Richmond,Home,W,14,12,NA,14,5,19,41,24,32,17,5,12,7,19,45,25,27,12,9,12,13,14,10
2023-04-04,Saint Joseph's,Monmouth,Away,W,13,3,NA,13,7,20,38,20,34,21,12,3,1,4,33,15,26,20,11,3,12,13,7
2023-04-08,Saint Joseph's,St. Bonaventure,Away,W,18,9,NA,18,7,25,58,37,37,12,9,9,5,14,27,18,17,17,3,9,9,18,19
2023-04-15,Saint Joseph's,Hobart,Home,W,11,10,NA,11,6,17,50,24,28,15,4,10,7,17,41,19,22,12,4,10,9,11,13
2023-04-22,Saint Joseph's,Massachusetts,Home,W,11,10,NA,11,3,14,39,22,24,17,5,10,6,16,46,21,35,15,10,10,11,11,11
2023-04-29,Saint Joseph's,High Point,Away,L,17,11,NA,17,9,26,37,25,36,13,4,11,9,20,40,20,28,12,7,11,9,17,8
2023-05-04,Saint Joseph's,"High Point Richmond, Va.",Away,W,14,16,NA,14,4,18,41,24,34,16,8,16,12,28,45,28,35,17,10,16,12,14,10
2023-02-11,Siena,NJIT,Home,W,12,11,NA,12,7,19,59,32,35,15,10,11,5,16,36,18,32,24,3,11,7,12,20
2023-02-18,Siena,Providence,Away,W,11,18,NA,11,6,17,49,28,34,11,5,18,8,26,37,30,28,13,4,18,12,11,17
2023-02-26,Siena,UMass Lowell,Home,W,16,12,NA,16,9,25,50,29,26,10,5,12,6,18,31,22,26,15,5,12,10,16,13
2023-03-04,Siena,Dartmouth,Away,L,8,11,NA,8,6,14,26,17,27,17,14,11,4,15,37,24,37,21,9,11,13,8,9
2023-03-11,Siena,Sacred Heart,Home,L,11,8,NA,11,8,19,42,27,29,15,9,8,4,12,34,21,25,21,5,8,13,11,16
2023-03-18,Siena,VMI,Away,W,10,14,NA,10,6,16,38,23,28,14,13,14,6,20,44,24,31,21,12,14,10,10,13
2023-03-25,Siena,LIU,Away,W,11,13,NA,11,7,18,44,21,33,20,12,13,5,18,38,21,33,20,5,13,8,11,10
2023-03-29,Siena,Canisius,Away,W,10,9,1,10,3,13,49,25,34,19,8,9,4,13,42,29,41,24,5,9,20,10,15
2023-04-01,Siena,Wagner,Home,L,13,6,NA,13,10,23,45,30,30,8,13,6,3,9,38,20,37,20,1,6,14,13,17
2023-04-08,Siena,Quinnipiac,Away,W,12,14,NA,12,7,19,46,29,22,13,4,14,7,21,48,29,36,16,6,14,15,12,17
2023-04-12,Siena,Marist,Home,L,11,14,NA,11,8,19,51,26,40,17,10,14,5,19,46,27,39,16,9,14,13,11,15
2023-04-15,Siena,Manhattan,Away,W,10,6,NA,10,7,17,36,22,31,14,13,6,4,10,37,14,20,20,4,6,8,10,12
2023-04-22,Siena,Mount St. Mary's,Home,W,13,12,NA,13,10,23,41,23,35,12,11,12,3,15,47,25,40,18,8,12,13,13,10
2023-04-29,Siena,Sacred Heart,Home,W,13,11,NA,13,6,19,46,26,33,9,11,11,7,18,24,14,21,20,6,11,3,13,13
2023-05-04,Siena,Manhattan,Away,W,11,8,NA,11,6,17,33,20,34,12,13,8,7,15,38,20,32,19,5,8,12,11,9
2023-05-06,Siena,"Marist Riverdale, N.Y.",Away,L,7,12,NA,7,3,10,45,19,31,11,9,12,6,18,43,22,28,13,5,12,10,7,12
2023-02-11,St. Bonaventure,Bellarmine,Away,W,10,14,NA,10,5,15,30,16,30,21,8,14,6,20,51,25,35,15,17,14,11,10,6
2023-02-18,St. Bonaventure,Binghamton,Home,L,11,12,1,11,5,16,40,28,31,18,5,12,4,16,42,23,33,14,10,12,11,11,17
2023-02-21,St. Bonaventure,Robert Morris,Away,L,6,15,NA,6,4,10,30,20,23,19,6,15,11,26,46,22,35,17,10,15,7,6,14
2023-02-25,St. Bonaventure,VMI,Home,L,15,9,NA,15,10,25,40,24,32,20,9,9,5,14,36,23,24,16,11,9,14,15,9
2023-03-01,St. Bonaventure,UMBC,Away,L,4,13,NA,4,2,6,25,12,23,21,2,13,5,18,47,31,30,12,9,13,18,4,8
2023-03-11,St. Bonaventure,Cleveland St.,Home,W,6,13,NA,6,4,10,35,21,30,19,8,13,7,20,35,25,22,18,9,13,12,6,15
2023-03-14,St. Bonaventure,Canisius,Away,L,5,13,NA,5,2,7,36,19,26,21,7,13,7,20,52,26,37,19,10,13,13,5,14
2023-03-21,St. Bonaventure,Syracuse,Away,L,6,22,NA,6,2,8,37,19,30,15,6,22,14,36,39,26,32,11,10,22,4,6,13
2023-03-25,St. Bonaventure,Marquette,Away,W,5,9,NA,5,1,6,29,15,20,13,6,9,4,13,48,22,33,16,4,9,13,5,10
2023-04-01,St. Bonaventure,Hobart,Away,W,10,24,NA,10,5,15,40,20,35,14,11,24,13,37,53,31,40,15,7,24,7,10,10
2023-04-08,St. Bonaventure,Saint Joseph's,Home,W,9,18,NA,9,5,14,27,18,17,17,3,18,7,25,58,37,37,12,9,18,19,9,9
2023-04-15,St. Bonaventure,Massachusetts,Away,L,3,14,NA,3,1,4,20,13,22,16,5,14,9,23,66,36,34,9,8,14,22,3,10
2023-04-22,St. Bonaventure,High Point,Home,W,8,17,NA,8,6,14,46,25,29,20,9,17,13,30,45,27,35,18,11,17,10,8,17
2023-04-29,St. Bonaventure,Richmond,Away,W,10,26,NA,10,4,14,34,23,23,15,8,26,13,39,57,39,39,14,11,26,13,10,13
2023-02-11,St. John's (NY),"Manhattan West Islip, N.Y.",Away,W,5,9,NA,5,2,7,37,19,15,16,12,9,3,12,35,19,24,20,13,9,10,5,14
2023-02-18,St. John's (NY),Delaware,Away,L,9,16,NA,9,4,13,38,19,25,18,13,16,10,26,50,31,39,18,11,16,15,9,10
2023-02-25,St. John's (NY),Hofstra,Home,L,12,16,NA,12,8,20,44,21,17,17,12,16,10,26,49,30,37,18,8,16,14,12,9
2023-02-28,St. John's (NY),Rutgers,Away,L,6,20,NA,6,3,9,28,17,31,17,3,20,15,35,48,33,38,9,6,20,13,6,11
2023-03-04,St. John's (NY),Binghamton,Away,W,12,13,NA,12,8,20,42,22,30,14,10,13,8,21,38,26,31,18,5,13,13,12,10
2023-03-11,St. John's (NY),Jacksonville,Home,W,9,17,NA,9,5,14,37,19,24,24,12,17,15,32,52,34,45,22,20,17,17,9,10
2023-03-15,St. John's (NY),Stony Brook,Away,L,8,18,NA,8,3,11,38,21,34,22,10,18,7,25,50,30,55,28,6,18,12,8,13
2023-03-18,St. John's (NY),Saint Joseph's,Home,L,10,16,NA,10,7,17,46,18,21,25,11,16,7,23,38,32,35,20,7,16,16,10,8
2023-03-25,St. John's (NY),Richmond,Home,W,8,11,NA,8,4,12,36,19,27,17,8,11,8,19,39,24,36,20,11,11,13,8,11
2023-04-01,St. John's (NY),Villanova,Away,L,8,18,NA,8,6,14,27,18,28,23,4,18,10,28,65,38,40,16,12,18,20,8,10
2023-04-08,St. John's (NY),Marquette,Away,W,10,20,NA,10,5,15,39,19,26,21,5,20,8,28,51,36,43,20,9,20,16,10,9
2023-04-15,St. John's (NY),Denver,Home,L,10,12,NA,10,4,14,36,17,20,18,12,12,10,22,33,21,37,21,12,12,9,10,7
2023-04-22,St. John's (NY),Georgetown,Home,L,12,18,NA,12,6,18,35,24,24,13,6,18,15,33,48,31,48,13,6,18,13,12,12
2023-04-29,St. John's (NY),Providence,Away,W,11,12,1,11,6,17,37,17,25,21,10,12,10,22,55,35,37,16,4,12,23,11,6
2023-02-11,Stony Brook,Rutgers,Away,L,7,11,NA,7,6,13,32,14,26,21,4,11,4,15,49,34,33,12,13,11,23,7,7
2023-02-18,Stony Brook,Penn St.,Away,W,12,17,NA,12,3,15,35,21,29,19,5,17,11,28,39,26,30,19,10,17,9,12,9
2023-02-24,Stony Brook,Air Force,Home,L,15,8,NA,15,10,25,42,24,35,12,6,8,4,12,28,17,30,20,5,8,9,15,9
2023-02-26,Stony Brook,Sacred Heart,Home,W,15,12,NA,15,9,24,41,33,30,13,8,12,6,18,36,20,28,18,8,12,8,15,18
2023-03-04,Stony Brook,Brown,Home,L,12,17,NA,12,8,20,45,22,33,13,6,17,10,27,44,28,32,15,5,17,11,12,10
2023-03-11,Stony Brook,Providence,Away,L,9,10,1,9,1,10,41,28,29,11,5,10,7,17,41,24,21,15,5,10,14,9,19
2023-03-15,Stony Brook,St. John's (NY),Home,L,18,8,NA,18,7,25,50,30,55,28,6,8,3,11,38,21,34,22,10,8,13,18,12
2023-03-18,Stony Brook,Hampton,Away,W,19,3,NA,19,11,30,61,37,35,10,11,3,1,4,14,12,12,26,4,3,9,19,18
2023-03-25,Stony Brook,Monmouth,Away,L,15,12,NA,15,9,24,46,26,34,10,7,12,8,20,32,21,30,16,6,12,9,15,11
2023-04-01,Stony Brook,Towson,Home,W,13,12,NA,13,4,17,35,20,29,13,8,12,7,19,54,29,42,17,6,12,17,13,7
2023-04-08,Stony Brook,Drexel,Away,W,14,15,1,14,8,22,57,25,33,10,10,15,12,27,35,21,32,21,7,15,6,14,11
2023-04-15,Stony Brook,Delaware,Home,W,9,12,NA,9,5,14,43,19,33,21,4,12,4,16,43,27,30,10,11,12,15,9,10
2023-04-22,Stony Brook,Fairfield,Home,W,17,14,NA,17,9,26,50,30,35,14,5,14,6,20,47,29,48,13,7,14,15,17,13
2023-04-29,Stony Brook,Hofstra,Away,L,11,10,NA,11,7,18,30,20,23,12,7,10,5,15,45,21,38,17,5,10,11,11,9
2023-05-04,Stony Brook,"Drexel Newark, Del.",Away,L,13,10,NA,13,9,22,42,23,23,16,9,10,8,18,46,25,30,16,8,10,15,13,10
2023-05-06,Stony Brook,Delaware,Away,W,10,13,NA,10,5,15,41,24,25,16,4,13,6,19,44,27,27,9,11,13,14,10,14
2023-02-04,Syracuse,Vermont,Home,W,7,5,NA,7,5,12,44,23,27,18,11,5,2,7,35,18,29,21,8,5,13,7,16
2023-02-10,Syracuse,UAlbany,Home,L,20,7,NA,20,9,29,43,29,34,11,4,7,3,10,42,22,25,11,7,7,15,20,9
2023-02-12,Syracuse,Holy Cross,Home,L,15,6,NA,15,13,28,51,35,35,8,10,6,0,6,33,17,32,23,4,6,11,15,20
2023-02-18,Syracuse,Maryland,Away,W,12,15,NA,12,4,16,29,21,25,15,8,15,10,25,50,33,46,18,9,15,18,12,9
2023-02-25,Syracuse,North Carolina,Home,L,13,19,NA,13,9,22,41,25,22,12,8,19,10,29,50,36,36,12,8,19,17,13,12
2023-03-05,Syracuse,Duke,Home,L,13,14,1,13,8,21,32,24,27,12,8,14,5,19,66,36,44,14,7,14,22,13,11
2023-03-11,Syracuse,Johns Hopkins,Home,W,9,11,NA,9,6,15,42,30,24,13,11,11,6,17,40,23,27,15,6,11,12,9,21
2023-03-14,Syracuse,Hofstra,Away,W,16,8,NA,16,13,29,48,28,19,10,6,8,6,14,51,21,32,20,4,8,13,16,12
2023-03-21,Syracuse,St. Bonaventure,Home,L,22,6,NA,22,14,36,39,26,32,11,10,6,2,8,37,19,30,15,6,6,13,22,4
2023-03-25,Syracuse,Hobart,Home,L,18,7,NA,18,8,26,60,31,25,10,10,7,1,8,33,21,33,19,5,7,14,18,13
2023-04-01,Syracuse,Notre Dame,Home,L,12,20,NA,12,6,18,43,23,19,9,5,20,10,30,45,32,33,12,5,20,12,12,11
2023-04-08,Syracuse,Princeton,Away,L,16,13,NA,16,11,27,50,31,37,16,6,13,8,21,47,30,33,9,8,13,17,16,15
2023-04-15,Syracuse,North Carolina Good Counsel HS,Away,L,15,14,NA,15,7,22,36,23,35,16,12,14,6,20,50,27,49,18,15,14,13,15,8
2023-04-22,Syracuse,Virginia,Away,W,12,19,NA,12,9,21,37,22,35,15,11,19,14,33,60,34,43,14,10,19,15,12,10
2023-04-29,Syracuse,Duke,Away,W,15,18,NA,15,8,23,45,27,23,10,7,18,10,28,39,28,31,13,5,18,10,15,12
2023-02-11,Towson,Mount St. Mary's,Away,W,20,7,NA,20,12,32,48,30,34,14,6,7,5,12,37,18,32,15,11,7,11,20,10
2023-02-18,Towson,Saint Joseph's,Home,L,13,16,NA,13,9,22,37,20,27,17,9,16,8,24,40,25,34,15,6,16,9,13,7
2023-02-24,Towson,Richmond,Away,L,7,10,NA,7,2,9,31,16,22,20,8,10,9,19,35,22,31,18,13,10,12,7,9
2023-03-01,Towson,Loyola Maryland,Home,L,11,12,1,11,5,16,45,26,39,18,6,12,9,21,43,22,30,17,9,12,10,11,15
2023-03-05,Towson,UMBC,Away,W,4,8,NA,4,2,6,24,12,31,26,12,8,1,9,46,23,33,22,9,8,15,4,8
2023-03-11,Towson,Virginia,Away,W,12,19,NA,12,8,20,43,22,40,20,5,19,14,33,60,39,46,10,13,19,20,12,10
2023-03-18,Towson,Drexel,Home,L,11,12,1,11,6,17,49,26,30,16,9,12,4,16,42,19,30,19,6,12,7,11,15
2023-03-25,Towson,Fairfield,Home,L,11,7,NA,11,8,19,37,21,48,23,15,7,3,10,32,22,33,22,10,7,15,11,10
2023-04-01,Towson,Stony Brook,Away,W,12,13,NA,12,7,19,54,29,42,17,6,13,4,17,35,20,29,13,8,13,7,12,17
2023-04-08,Towson,Hofstra,Away,W,10,8,NA,10,8,18,43,19,26,21,3,8,4,12,42,28,28,11,9,8,20,10,9
2023-04-13,Towson,Denver,Home,L,10,12,NA,10,3,13,39,20,30,14,8,12,9,21,32,19,28,12,8,12,7,10,10
2023-04-15,Towson,Hampton,Home,W,20,1,NA,20,14,34,54,30,40,10,14,1,0,1,10,5,29,25,6,1,4,20,10
2023-04-22,Towson,Monmouth,Away,L,15,11,NA,15,8,23,46,28,31,11,7,11,7,18,34,20,37,16,6,11,9,15,13
2023-04-29,Towson,Delaware,Home,W,15,10,NA,15,6,21,47,23,36,21,11,10,6,16,35,24,30,15,12,10,14,15,8
2023-05-04,Towson,Delaware,Away,L,8,11,NA,8,7,15,38,18,32,14,12,11,6,17,40,18,32,17,8,11,7,8,10
2023-02-10,UAlbany,Syracuse,Away,L,7,20,NA,7,3,10,42,22,25,11,7,20,9,29,43,29,34,11,4,20,9,7,15
2023-02-18,UAlbany,Cornell,Home,L,10,12,NA,10,5,15,46,21,28,14,9,12,3,15,39,17,38,19,8,12,5,10,11
2023-02-25,UAlbany,Drexel,Home,L,11,7,NA,11,3,14,36,19,25,18,9,7,5,12,31,13,18,23,6,7,6,11,8
2023-03-07,UAlbany,Massachusetts,Home,L,6,9,NA,6,3,9,38,21,31,16,12,9,4,13,34,19,32,18,5,9,10,6,15
2023-03-11,UAlbany,Maryland,Home,W,9,16,NA,9,2,11,41,22,41,12,7,16,11,27,45,26,42,13,6,16,10,9,13
2023-03-18,UAlbany,UMass Lowell,Home,L,15,7,NA,15,10,25,52,34,36,10,11,7,4,11,25,16,32,17,5,7,9,15,19
2023-03-25,UAlbany,Vermont,Away,L,7,14,NA,7,6,13,28,17,13,16,10,14,9,23,35,25,28,20,6,14,11,7,10
2023-04-01,UAlbany,UMBC,Home,L,12,6,NA,12,7,19,41,25,31,20,12,6,2,8,34,14,29,21,8,6,8,12,13
2023-04-08,UAlbany,Bryant,Away,W,16,20,NA,16,7,23,44,28,32,22,4,20,11,31,46,30,34,18,2,20,10,16,12
2023-04-15,UAlbany,NJIT,Home,L,13,7,NA,13,5,18,51,29,37,18,10,7,3,10,31,16,37,21,4,7,9,13,16
2023-04-21,UAlbany,Yale,Home,W,6,14,NA,6,2,8,45,22,34,20,10,14,5,19,36,25,41,17,10,14,11,6,16
2023-04-23,UAlbany,Merrimack,Home,W,13,11,NA,13,8,21,48,21,42,22,6,11,5,16,39,21,35,13,9,11,10,13,8
2023-04-26,UAlbany,Penn,Home,L,11,14,NA,11,6,17,34,21,36,13,9,14,7,21,36,23,38,23,7,14,9,11,10
2023-04-29,UAlbany,Binghamton,Away,W,14,15,NA,14,11,25,48,29,32,14,13,15,6,21,38,22,31,24,6,15,7,14,15
2023-05-04,UAlbany,Vermont,Away,W,10,4,NA,10,7,17,37,23,24,19,7,4,4,8,41,23,30,16,12,4,19,10,13
2023-05-06,UAlbany,"Bryant Burlington, Vt.",Away,W,11,12,2,11,8,19,46,23,31,15,8,12,6,18,42,22,41,16,10,12,10,11,12
2023-02-18,UMBC,Drexel,Away,W,12,7,NA,12,7,19,38,22,27,12,10,7,5,12,34,18,20,18,7,7,11,12,10
2023-02-24,UMBC,Mount St. Mary's,Home,L,16,6,NA,16,3,19,41,24,20,13,4,6,4,10,24,15,19,19,2,6,9,16,8
2023-03-01,UMBC,St. Bonaventure,Home,L,13,4,NA,13,5,18,47,31,30,12,9,4,2,6,25,12,23,21,2,4,8,13,18
2023-03-05,UMBC,Towson,Home,W,8,4,NA,8,1,9,46,23,33,22,9,4,2,6,24,12,31,26,12,4,8,8,15
2023-03-07,UMBC,Delaware,Away,W,11,17,NA,11,4,15,35,17,31,19,9,17,9,26,45,29,34,19,8,17,12,11,6
2023-03-11,UMBC,Mercer,Home,L,13,8,NA,13,7,20,39,24,17,13,11,8,5,13,31,18,32,23,5,8,10,13,11
2023-03-18,UMBC,Bryant,Away,W,13,17,NA,13,8,21,37,19,27,15,7,17,7,24,49,28,46,13,12,17,11,13,6
2023-03-25,UMBC,Merrimack,Home,L,15,5,NA,15,10,25,52,33,32,13,9,5,3,8,27,16,17,21,6,5,11,15,18
2023-04-01,UMBC,UAlbany,Away,L,6,12,NA,6,2,8,34,14,29,21,8,12,7,19,41,25,31,20,12,12,13,6,8
2023-04-08,UMBC,UMass Lowell,Home,L,15,8,NA,15,10,25,52,31,33,11,13,8,5,13,14,12,27,23,3,8,4,15,16
2023-04-15,UMBC,Binghamton,Home,L,13,16,NA,13,4,17,53,31,34,16,6,16,8,24,40,23,25,20,3,16,7,13,18
2023-04-22,UMBC,NJIT,Away,L,12,10,NA,12,6,18,36,26,28,12,9,10,4,14,43,21,16,20,6,10,11,12,14
2023-04-29,UMBC,Vermont,Home,W,7,11,NA,7,2,9,38,26,21,13,6,11,6,17,44,26,28,13,4,11,15,7,19
2023-02-11,UMass Lowell,Quinnipiac,Away,W,12,21,NA,12,5,17,29,21,19,10,6,21,16,37,44,29,28,13,4,21,8,12,9
2023-02-17,UMass Lowell,Massachusetts,Home,W,3,11,NA,3,1,4,17,12,20,21,6,11,5,16,40,29,25,13,11,11,18,3,9
2023-02-26,UMass Lowell,Siena,Away,W,12,16,NA,12,6,18,31,22,26,15,5,16,9,25,50,29,26,10,5,16,13,12,10
2023-03-03,UMass Lowell,LIU,Home,W,8,12,NA,8,6,14,29,19,27,20,4,12,5,17,42,25,26,17,10,12,13,8,11
2023-03-08,UMass Lowell,Jacksonville,Away,L,7,16,NA,7,1,8,30,18,30,22,2,16,7,23,42,33,34,13,16,16,17,7,11
2023-03-18,UMass Lowell,UAlbany,Away,L,7,15,NA,7,4,11,25,16,32,17,5,15,10,25,52,34,36,10,11,15,19,7,9
2023-03-25,UMass Lowell,Bryant,Home,W,4,20,NA,4,2,6,21,10,17,27,3,20,9,29,59,39,47,15,13,20,19,4,6
2023-04-01,UMass Lowell,Binghamton,Home,L,10,21,NA,10,5,15,38,23,25,15,8,21,13,34,49,32,29,17,5,21,11,10,13
2023-04-08,UMass Lowell,UMBC,Away,L,8,15,NA,8,5,13,14,12,27,23,3,15,10,25,52,31,33,11,13,15,16,8,4
2023-04-14,UMass Lowell,Merrimack,Home,L,10,13,NA,10,3,13,29,19,24,14,8,13,11,24,38,21,26,16,5,13,8,10,9
2023-04-18,UMass Lowell,Holy Cross,Away,L,9,13,NA,9,6,15,31,21,24,16,8,13,8,21,53,37,35,14,11,13,24,9,12
2023-04-22,UMass Lowell,Vermont,Away,L,3,21,NA,3,2,5,18,10,20,23,8,21,11,32,58,40,46,16,11,21,19,3,7
2023-04-29,UMass Lowell,NJIT,Home,L,10,11,1,10,4,14,40,23,26,14,6,11,2,13,44,21,30,20,9,11,10,10,13
2023-02-04,Utah,Denver,Away,L,4,12,NA,4,4,8,34,14,18,13,3,12,7,19,36,20,29,15,1,12,8,4,10
2023-02-11,Utah,Marquette,Home,W,18,16,NA,18,12,30,50,28,35,17,7,16,6,22,33,26,27,17,8,16,10,18,10
2023-02-18,Utah,Vermont,Home,L,13,14,1,13,7,20,44,24,23,10,7,14,9,23,48,34,32,15,4,14,20,13,11
2023-02-25,Utah,Johns Hopkins,Away,L,8,12,NA,8,6,14,45,23,25,12,8,12,9,21,33,26,37,13,9,12,14,8,15
2023-03-04,Utah,Rutgers,Away,W,14,18,NA,14,8,22,49,27,43,21,6,18,7,25,45,33,42,18,11,18,15,14,13
2023-03-18,Utah,Bellarmine,Home,L,15,8,NA,15,7,22,55,28,41,15,9,8,6,14,41,22,32,17,6,8,14,15,13
2023-03-25,Utah,Detroit Mercy,Away,L,24,11,NA,24,12,36,69,43,54,13,5,11,3,14,40,24,31,19,5,11,13,24,19
2023-03-29,Utah,Air Force,Away,L,18,11,NA,18,7,25,54,33,39,17,8,11,6,17,49,18,28,13,9,11,7,18,15
2023-03-31,Utah,Jacksonville,Home,W,18,15,NA,18,7,25,47,27,37,10,7,15,9,24,45,32,42,15,4,15,17,18,9
2023-04-08,Utah,Robert Morris,Away,L,26,16,NA,26,12,38,72,46,51,15,9,16,6,22,37,27,43,12,5,16,11,26,20
2023-04-12,Utah,Lindenwood,Home,L,22,8,NA,22,13,35,67,44,51,16,12,8,4,12,39,24,36,24,6,8,16,22,22
2023-04-15,Utah,Mercer,Home,W,22,12,NA,22,14,36,56,32,35,13,13,12,4,16,39,25,34,20,6,12,13,22,10
2023-04-22,Utah,Cleveland St.,Home,W,19,12,NA,19,12,31,61,35,40,11,10,12,5,17,40,22,23,17,2,12,10,19,16
2023-04-29,Utah,Queens (NC),Away,W,18,6,NA,18,9,27,65,39,41,14,12,6,4,10,31,19,28,18,8,6,13,18,21
2023-05-05,Utah,"Bellarmine Moon Township, Pa.",Away,L,17,14,NA,17,9,26,54,30,40,11,6,14,6,20,33,23,21,18,5,14,9,17,13
2023-05-07,Utah,"Air Force Moon Township, Pa.",Away,W,11,9,NA,11,3,14,42,22,33,20,10,9,4,13,44,18,23,19,9,9,9,11,11
2023-05-13,Utah,Notre Dame,Away,L,7,20,NA,7,2,9,37,24,27,12,9,20,11,31,49,29,40,14,9,20,9,7,17
2023-02-04,VMI,Detroit Mercy,Home,W,14,11,NA,14,10,24,53,29,36,18,14,11,7,18,36,21,21,20,15,11,10,14,15
2023-02-10,VMI,Queens (NC),Away,W,10,9,2,10,6,16,36,18,36,23,6,9,5,14,47,31,31,13,12,9,22,10,8
2023-02-17,VMI,High Point,Home,L,11,17,NA,11,9,20,23,21,24,18,5,17,11,28,51,31,36,13,13,17,14,11,10
2023-02-21,VMI,Hampton,Home,W,20,10,NA,20,9,29,46,28,35,24,11,10,4,14,24,21,38,27,13,10,11,20,8
2023-02-25,VMI,St. Bonaventure,Away,L,9,15,NA,9,5,14,36,23,24,16,11,15,10,25,40,24,32,20,9,15,9,9,14
2023-03-04,VMI,Bellarmine,Away,L,6,17,NA,6,1,7,33,18,20,19,5,17,9,26,50,30,31,11,10,17,13,6,12
2023-03-11,VMI,LIU,Away,W,13,14,NA,13,7,20,42,24,35,13,5,14,5,19,46,27,34,10,5,14,13,13,11
2023-03-18,VMI,Siena,Home,W,14,10,NA,14,6,20,44,24,31,21,12,10,6,16,38,23,28,14,13,10,13,14,10
2023-03-25,VMI,Sacred Heart,Away,L,4,16,NA,4,1,5,39,17,22,14,6,16,9,25,46,31,42,15,8,16,15,4,13
2023-03-29,VMI,Mount St. Mary's,Home,W,5,20,NA,5,2,7,29,10,17,20,6,20,11,31,53,39,47,16,9,20,19,5,5
2023-04-01,VMI,Canisius,Away,L,11,10,1,11,6,17,38,19,42,17,9,10,3,13,37,24,40,15,7,10,14,11,8
2023-04-08,VMI,Manhattan,Home,L,6,8,NA,6,3,9,28,15,22,19,3,8,4,12,42,25,29,8,8,8,17,6,9
2023-04-12,VMI,Wagner,Away,L,12,11,NA,12,6,18,47,34,28,11,5,11,3,14,34,21,22,11,6,11,10,12,22
2023-04-15,VMI,Quinnipiac,Home,L,13,14,NA,13,9,22,42,25,21,8,8,14,8,22,46,28,26,12,1,14,14,13,12
2023-04-22,VMI,Marist,Away,L,7,18,NA,7,3,10,47,24,41,17,9,18,8,26,45,33,37,17,6,18,15,7,17
2023-02-04,Vermont,Syracuse,Away,W,5,7,NA,5,2,7,35,18,29,21,8,7,5,12,44,23,27,18,11,7,16,5,13
2023-02-11,Vermont,Boston U.,Home,W,14,12,NA,14,13,27,33,26,34,21,8,12,5,17,48,28,38,16,12,12,16,14,12
2023-02-18,Vermont,Utah,Away,L,14,13,1,14,9,23,48,34,32,15,4,13,7,20,44,24,23,10,7,13,11,14,20
2023-02-26,Vermont,Brown,Home,L,12,22,NA,12,6,18,50,28,32,10,4,22,16,38,48,35,30,10,4,22,13,12,16
2023-03-03,Vermont,Harvard,Away,L,5,12,NA,5,3,8,33,18,40,23,5,12,8,20,45,24,41,13,10,12,12,5,13
2023-03-11,Vermont,Massachusetts,Home,W,4,12,NA,4,2,6,40,20,18,12,7,12,6,18,34,20,17,16,6,12,8,4,16
2023-03-18,Vermont,NJIT,Away,L,16,10,NA,16,13,29,51,29,29,15,9,10,5,15,27,20,22,20,9,10,10,16,13
2023-03-25,Vermont,UAlbany,Home,L,14,7,NA,14,9,23,35,25,28,20,6,7,6,13,28,17,13,16,10,7,10,14,11
2023-04-01,Vermont,Merrimack,Away,W,13,8,NA,13,8,21,33,20,31,27,20,8,5,13,35,16,21,22,25,8,8,13,7
2023-04-08,Vermont,Binghamton,Away,W,11,9,NA,11,4,15,44,31,36,16,5,9,3,12,37,20,22,15,5,9,11,11,20
2023-04-15,Vermont,Bryant,Home,W,13,12,NA,13,8,21,40,22,28,16,13,12,6,18,53,23,39,18,7,12,11,13,9
2023-04-22,Vermont,UMass Lowell,Home,L,21,3,NA,21,11,32,58,40,46,16,11,3,2,5,18,10,20,23,8,3,7,21,19
2023-04-29,Vermont,UMBC,Away,W,11,7,NA,11,6,17,44,26,28,13,4,7,2,9,38,26,21,13,6,7,19,11,15
2023-05-04,Vermont,UAlbany,Home,W,4,10,NA,4,4,8,41,23,30,16,12,10,7,17,37,23,24,19,7,10,13,4,19
2023-02-12,Villanova,Penn St.,Home,W,14,12,NA,14,8,22,42,26,33,13,14,12,8,20,45,30,39,24,7,12,18,14,12
2023-02-19,Villanova,Yale,Home,L,14,20,NA,14,7,21,53,32,38,16,11,20,12,32,51,30,30,12,6,20,10,14,18
2023-02-26,Villanova,Delaware,Away,L,13,12,NA,13,6,19,46,28,44,15,7,12,7,19,32,20,38,16,10,12,8,13,15
2023-03-04,Villanova,Hofstra,Away,W,15,8,NA,15,10,25,46,29,33,14,7,8,4,12,35,16,26,19,4,8,8,15,14
2023-03-08,Villanova,"Drexel Philadelphia, Pa.",Away,W,14,7,NA,14,6,20,43,27,32,14,12,7,1,8,25,19,34,24,6,7,12,14,13
2023-03-11,Villanova,Penn,Away,L,9,8,NA,9,4,13,48,30,30,14,10,8,6,14,26,19,21,15,3,8,11,9,21
2023-03-18,Villanova,Monmouth,Away,W,10,6,NA,10,8,18,38,19,32,16,11,6,5,11,30,19,30,15,9,6,13,10,9
2023-03-21,Villanova,Navy,Home,L,17,6,NA,17,13,30,44,26,28,17,8,6,2,8,35,18,28,19,9,6,12,17,9
2023-03-27,Villanova,Brown,Home,L,11,13,NA,11,8,19,48,33,33,14,11,13,7,20,37,21,31,26,5,13,8,11,22
2023-04-01,Villanova,St. John's (NY),Home,L,18,8,NA,18,10,28,65,38,40,16,12,8,6,14,27,18,28,23,4,8,10,18,20
2023-04-08,Villanova,Denver,Away,L,6,12,NA,6,2,8,41,18,25,15,4,12,7,19,33,17,34,18,4,12,5,6,12
2023-04-15,Villanova,Providence,Away,W,20,8,NA,20,13,33,45,35,38,14,4,8,6,14,34,22,31,16,5,8,14,20,15
2023-04-22,Villanova,Marquette,Home,W,16,15,1,16,6,22,51,27,38,12,9,15,6,21,25,21,23,15,5,15,6,16,11
2023-04-28,Villanova,Georgetown,Away,L,8,12,NA,8,4,12,34,15,29,21,8,12,5,17,38,24,38,18,12,12,12,8,7
2023-05-04,Villanova,"Denver Milwaukee, Wis.",Away,L,9,16,NA,9,5,14,29,17,20,17,5,16,8,24,34,22,29,17,5,16,6,9,8
2023-02-11,Virginia,Michigan,Home,W,17,13,NA,17,11,28,44,26,38,11,10,13,6,19,36,29,34,15,7,13,16,17,9
2023-02-18,Virginia,Harvard,Home,W,25,21,NA,25,17,42,47,34,45,17,5,21,16,37,49,34,39,13,11,21,13,25,9
2023-02-25,Virginia,"Ohio St. Naples, Fla.",Away,W,17,6,NA,17,12,29,45,29,31,12,12,6,5,11,33,14,30,23,7,6,8,17,12
2023-03-04,Virginia,Richmond,Home,L,25,8,NA,25,14,39,51,33,53,15,5,8,4,12,28,18,24,15,8,8,10,25,8
2023-03-07,Virginia,Johns Hopkins,Away,L,18,13,NA,18,12,30,47,29,42,15,5,13,8,21,31,22,22,14,6,13,9,18,11
2023-03-11,Virginia,Towson,Home,W,19,12,NA,19,14,33,60,39,46,10,13,12,8,20,43,22,40,20,5,12,10,19,20
2023-03-18,Virginia,Maryland,Home,L,13,14,1,13,9,22,47,28,39,16,8,14,6,20,48,29,37,13,8,14,15,13,15
2023-03-25,Virginia,Notre Dame,Away,L,15,10,NA,15,10,25,49,28,33,17,10,10,6,16,45,24,27,16,12,10,14,15,13
2023-03-31,Virginia,Duke,Home,L,14,16,NA,14,11,25,43,28,45,18,14,16,9,25,46,30,42,18,7,16,14,14,14
2023-04-07,Virginia,North Carolina,Away,L,19,12,NA,19,13,32,36,26,42,18,7,12,8,20,47,25,28,15,5,12,13,19,7
2023-04-15,Virginia,Duke,Away,W,14,15,NA,14,7,21,41,26,34,15,10,15,8,23,48,32,37,16,6,15,17,14,12
2023-04-22,Virginia,Syracuse,Home,W,19,12,NA,19,14,33,60,34,43,14,10,12,9,21,37,22,35,15,11,12,10,19,15
2023-04-25,Virginia,Lafayette,Away,L,20,11,NA,20,13,33,41,27,41,17,8,11,7,18,44,25,30,14,7,11,14,20,7
2023-04-30,Virginia,Notre Dame,Home,L,12,8,NA,12,10,22,48,24,40,18,7,8,5,13,41,27,40,12,11,8,19,12,12
2023-05-13,Virginia,Richmond,Home,L,17,8,NA,17,11,28,33,27,33,19,6,8,4,12,35,17,28,15,8,8,9,17,10
2023-05-20,Virginia,"Georgetown Albany, N.Y.",Away,L,17,14,NA,17,11,28,40,28,39,11,12,14,6,20,48,28,36,12,3,14,14,17,11
2023-05-27,Virginia,"Notre Dame Philadelphia, Pa.",Away,W,12,13,1,12,6,18,37,23,30,15,8,13,4,17,49,30,42,10,7,13,17,12,11
2023-02-18,Wagner,Fairfield,Home,W,7,14,NA,7,4,11,34,15,17,20,9,14,5,19,41,28,37,21,9,14,14,7,8
2023-02-21,Wagner,Army West Point,Away,L,6,20,NA,6,4,10,27,13,20,22,9,20,12,32,51,37,50,19,9,20,17,6,7
2023-02-25,Wagner,"Queens (NC) Towson, Md.",Away,W,13,9,NA,13,8,21,43,23,35,16,10,9,3,12,31,20,31,19,8,9,11,13,10
2023-02-28,Wagner,Monmouth,Home,L,4,9,NA,4,2,6,34,16,15,11,5,9,5,14,35,26,22,8,3,9,17,4,12
2023-03-04,Wagner,NJIT,Away,L,8,10,NA,8,2,10,41,20,15,19,4,10,6,16,39,29,34,17,9,10,19,8,12
2023-03-11,Wagner,Marist,Away,L,7,16,NA,7,1,8,39,18,26,16,4,16,9,25,42,27,34,17,9,16,11,7,11
2023-03-18,Wagner,Quinnipiac,Home,W,12,11,3,12,5,17,48,28,17,11,7,11,5,16,39,23,16,18,8,11,12,12,16
2023-03-25,Wagner,Mount St. Mary's,Home,W,7,10,NA,7,3,10,24,15,17,23,7,10,6,16,42,21,24,19,14,10,11,7,8
2023-03-29,Wagner,LIU,Away,L,6,13,NA,6,1,7,43,28,29,18,7,13,3,16,37,22,35,17,15,13,9,6,22
2023-04-01,Wagner,Siena,Away,L,6,13,NA,6,3,9,38,20,37,20,1,13,10,23,45,30,30,8,13,13,17,6,14
2023-04-08,Wagner,Sacred Heart,Home,W,9,13,NA,9,3,12,34,20,22,15,4,13,5,18,36,27,24,15,5,13,14,9,11
2023-04-12,Wagner,VMI,Home,L,11,12,NA,11,3,14,34,21,22,11,6,12,6,18,47,34,28,11,5,12,22,11,10
2023-04-15,Wagner,Canisius,Away,W,10,8,NA,10,3,13,48,24,29,17,7,8,8,16,32,18,24,19,6,8,10,10,14
2023-04-22,Wagner,Manhattan,Home,L,2,6,NA,2,1,3,24,10,11,14,4,6,2,8,44,22,14,13,5,6,16,2,8
2023-02-19,Yale,Villanova,Away,L,20,14,NA,20,12,32,51,30,30,12,6,14,7,21,53,32,38,16,11,14,18,20,10
2023-02-25,Yale,Penn St.,Home,L,11,13,NA,11,6,17,34,26,36,17,8,13,9,22,42,25,34,19,7,13,12,11,15
2023-03-03,Yale,Massachusetts,Away,W,18,9,NA,18,8,26,55,34,38,11,7,9,7,16,44,32,38,15,8,9,23,18,16
2023-03-11,Yale,Denver,Home,L,11,9,NA,11,6,17,39,22,22,15,9,9,4,13,35,22,23,19,6,9,13,11,11
2023-03-18,Yale,Cornell,Home,L,10,20,NA,10,1,11,47,31,32,14,14,20,11,31,40,31,34,20,11,20,11,10,21
2023-03-25,Yale,Princeton,Away,W,10,23,NA,10,7,17,43,24,37,22,5,23,13,36,66,36,38,15,13,23,13,10,14
2023-04-01,Yale,Penn,Away,W,16,17,NA,16,7,23,52,28,30,16,12,17,7,24,55,30,31,17,10,17,13,16,12
2023-04-04,Yale,Boston U.,Home,W,17,14,NA,17,12,29,50,27,38,19,8,14,9,23,48,27,35,18,11,14,13,17,10
2023-04-08,Yale,Dartmouth,Home,W,21,11,NA,21,15,36,58,36,38,17,9,11,5,16,38,23,19,19,6,11,12,21,15
2023-04-15,Yale,Brown,Home,W,16,10,NA,16,7,23,48,30,29,9,7,10,4,14,52,26,47,21,6,10,16,16,14
2023-04-21,Yale,UAlbany,Away,W,14,6,NA,14,5,19,36,25,41,17,10,6,2,8,45,22,34,20,10,6,16,14,11
2023-04-29,Yale,Harvard,Away,L,14,11,NA,14,7,21,35,25,41,24,6,11,3,14,41,27,44,19,13,11,16,14,11
2023-05-05,Yale,Cornell Robert K Kraft Field,Away,L,22,15,NA,22,13,35,55,29,37,18,5,15,9,24,47,34,37,8,14,15,19,22,7
2023-05-07,Yale,Princeton Robert K Kraft Field,Away,W,10,19,NA,10,6,16,55,28,32,10,5,19,14,33,51,32,38,10,8,19,13,10,18
2023-05-13,Yale,Georgetown,Away,W,17,19,NA,17,5,22,42,27,29,12,4,19,10,29,50,31,34,15,11,19,12,17,10
